label_number	label_name	x	y	z	Aligned_No
205	ADAL	1176.787879	90.127273	40.703030	1
246	ADAR	1167.000000	89.000000	94.000000	2
206	ADEL	1182.000000	87.000000	48.000000	3
247	ADER	1179.000000	87.000000	91.000000	4
203	ADESHL	1125.000000	88.000000	40.000000	5
244	ADESHR	1125.000000	83.000000	92.000000	6
226	ADFL	1251.000000	61.000000	53.000000	7
266	ADFR	1238.000000	61.000000	85.000000	8
236	ADLL	1228.000000	48.000000	62.000000	9
241	ADLR	1227.000000	46.000000	77.000000	10
218	AFDL	1263.000000	69.000000	43.000000	11
257	AFDR	1270.000000	70.000000	94.000000	12
293	AIAL	1244.155364	94.896424	63.585697	13
294	AIAR	1241.000000	97.000000	72.000000	14
224	AIBL	1255.000000	78.000000	54.000000	15
270	AIBR	1256.000000	75.000000	85.000000	16
181	AIML	1193.000000	103.000000	64.000000	17
184	AIMR	1198.787879	102.127273	74.703030	18
217	AINL	1189.976378	72.023622	44.983127	19
261	AINR	1188.000000	72.000000	91.000000	20
182	AIYL	1194.000000	100.000000	53.000000	21
185	AIYR	1204.000000	99.000000	82.000000	22
229	AIZL	1203.000000	82.000000	51.000000	23
273	AIZR	1195.000000	84.000000	87.000000	24
301	ALA	1286.000000	43.000000	65.000000	25
456	ALML	812.000000	50.000000	45.000000	26
444	ALMR	836.000000	46.000000	89.000000	27
529	ALNL	231.000000	52.000000	52.000000	28
534	ALNR	229.000000	57.000000	72.000000	29
342	AMSHL	1180.000000	55.000000	42.000000	30
557	AMSHR	1181.000000	57.000000	95.000000	31
393	AMSOL	1432.000000	66.000000	50.000000	32
379	AMSOR	1453.000000	64.000000	88.000000	33
396	ARCADL	1481.000000	80.000000	46.000000	34
380	ARCADR	1474.000000	68.000000	89.000000	35
326	ARCAV	1544.000000	93.000000	71.000000	36
334	ARCPD	1499.000000	46.000000	70.000000	37
394	ARCPDL	1451.000000	65.000000	50.000000	38
378	ARCPDR	1430.000000	63.000000	87.000000	39
328	ARCPV	1513.000000	97.000000	74.000000	40
397	ARCPVL	1458.000000	90.000000	46.000000	41
381	ARCPVR	1477.000000	79.000000	89.000000	42
215	ASEL	1226.000000	66.000000	42.000000	43
256	ASER	1223.000000	66.000000	94.000000	44
232	ASGL	1223.000000	52.000000	49.000000	45
264	ASGR	1231.000000	51.000000	90.000000	46
214	ASHL	1246.000000	73.000000	40.000000	47
255	ASHR	1245.000000	70.000000	95.000000	48
235	ASIL	1215.000000	57.000000	62.000000	49
242	ASIR	1208.000000	55.000000	76.000000	50
209	ASJL	1227.000000	86.000000	42.000000	51
250	ASJR	1226.000000	88.000000	95.000000	52
237	ASKL	1249.000000	47.000000	59.000000	53
240	ASKR	1248.999266	48.995598	79.991196	54
210	AUAL	1245.987400	89.974800	41.873998	55
251	AUAR	1245.000000	90.000000	95.000000	56
219	AVAL	1282.000000	75.000000	43.000000	57
258	AVAR	1289.000000	71.000000	94.000000	58
230	AVBL	1197.000000	65.000000	50.000000	59
268	AVBR	1205.000000	69.000000	85.000000	60
216	AVDL	1210.000000	76.000000	42.000000	61
260	AVDR	1203.993205	75.040770	94.061155	62
223	AVEL	1274.000000	77.000000	54.000000	63
269	AVER	1278.000000	75.000000	85.000000	64
197	AVG	1152.000000	114.000000	70.000000	65
231	AVHL	1207.000000	53.000000	50.000000	66
263	AVHR	1210.000000	54.000000	89.000000	67
221	AVJL	1207.000000	62.030371	42.976378	68
262	AVJR	1199.000000	61.000000	93.000000	69
183	AVKL	1179.000000	101.000000	55.000000	70
187	AVKR	1177.000000	103.000000	84.000000	71
295	AVL	1250.000000	91.000000	82.000000	72
227	AWAL	1235.000000	61.000000	56.000000	73
267	AWAR	1221.000000	63.000000	82.000000	74
233	AWBL	1242.000000	55.000000	46.000000	75
265	AWBR	1250.000000	55.000000	91.000000	76
211	AWCL	1264.000000	85.000000	40.000000	77
252	AWCR	1264.000000	81.000000	97.000000	78
551	B	248.000000	78.000000	61.000000	79
345	BAGL	1332.000000	91.000000	46.000000	80
356	BAGR	1334.005599	88.989922	90.005599	81
449	BDUL	1052.000000	83.000000	44.000000	82
421	BDUR	1051.000000	78.000000	93.000000	83
457	CANL	721.000000	69.000000	43.000000	84
445	CANR	737.000000	65.000000	89.000000	85
499	CCLA	779.000000	100.000000	68.000000	86
500	CCLP	741.000000	89.000000	58.000000	87
428	CCRA	1015.000000	98.000000	88.000000	88
429	CCRP	968.000000	94.000000	86.000000	89
302	CEPDL	1287.000000	50.000000	54.000000	90
303	CEPDR	1283.000000	47.000000	79.000000	91
365	CEPSHDL	1319.000000	62.000000	51.000000	92
362	CEPSHDR	1319.000000	66.000000	88.000000	93
348	CEPSHVL	1316.000000	96.000000	48.000000	94
361	CEPSHVR	1315.000000	94.000000	91.000000	95
388	CEPSODL	1358.000000	60.000000	48.000000	96
375	CEPSODR	1354.000000	59.000000	86.000000	97
404	CEPSOVL	1354.000000	105.000000	53.000000	98
405	CEPSOVR	1359.127273	102.703030	84.212121	99
407	CEPVL	1320.856481	108.964120	63.892361	100
408	CEPVR	1318.966254	111.000000	75.016873	101
200	DA1	1108.000000	112.000000	68.000000	102
504	DA2	1039.000000	115.000000	71.000000	103
502	DA3	946.000000	111.000000	69.000000	104
498	DA4	821.000000	106.000000	69.000000	105
495	DA5	680.000000	98.000000	69.000000	106
492	DA6	544.000000	99.000000	61.000000	107
489	DA7	414.000000	92.000000	58.000000	108
510	DA8	304.986547	79.003363	50.986547	109
516	DA9	297.000000	77.293383	68.410737	110
202	DB1	1133.000000	115.000000	68.000000	111
191	DB2	1198.000000	116.000000	69.000000	112
505	DB3	1066.000000	113.000000	71.000000	113
501	DB4	921.000000	109.000000	69.000000	114
496	DB5	756.000000	102.000000	71.000000	115
493	DB6	576.000000	100.000000	61.000000	116
490	DB7	438.000000	91.000000	60.000000	117
199	DD1	1141.000000	107.000000	76.000000	118
503	DD2	987.000000	113.000000	72.000000	119
497	DD3	803.000000	103.000000	70.000000	120
494	DD4	633.000000	98.000000	63.000000	121
491	DD5	469.000000	94.000000	60.000000	122
517	DD6	313.000000	77.000000	59.000000	123
52	DEP	236.080000	51.942857	65.931429	124
32	DL1	1491.000000	59.000000	48.000000	125
40	DL10	1069.000000	41.000000	50.000000	126
41	DL11	995.000000	42.000000	50.000000	127
42	DL12	951.000000	42.000000	48.000000	128
43	DL13	874.000000	43.000000	51.000000	129
44	DL14	803.000000	39.000000	52.000000	130
45	DL15	758.000000	41.000000	51.000000	131
46	DL16	670.000000	43.000000	51.000000	132
47	DL17	585.000000	41.000000	51.000000	133
48	DL18	487.000000	40.000000	51.000000	134
49	DL19	436.000000	40.000000	54.000000	135
33	DL2	1462.984287	53.008979	51.982043	136
50	DL20	381.000000	38.000000	54.000000	137
53	DL21	215.000000	52.000000	66.000000	138
34	DL3	1426.000000	51.000000	54.000000	139
35	DL4	1388.004489	54.988777	48.977553	140
36	DL5	1321.000000	46.000000	54.000000	141
37	DL6	1307.000000	56.000000	47.000000	142
17	DL7	1190.000000	40.000000	57.000000	143
38	DL8	1143.000000	41.000000	50.000000	144
39	DL9	1098.000000	44.000000	50.000000	145
8	DR1	1488.000000	58.000000	85.000000	146
30	DR10	1105.000000	43.000000	84.000000	147
20	DR11	1033.000000	38.000000	76.000000	148
21	DR12	957.000000	38.000000	77.000000	149
22	DR13	908.000000	33.000000	77.000000	150
23	DR14	859.000000	39.000000	79.000000	151
24	DR15	799.000000	32.000000	71.000000	152
25	DR16	706.000000	34.000000	73.000000	153
26	DR17	634.000000	41.000000	73.000000	154
27	DR18	566.000000	43.000000	69.000000	155
28	DR19	468.000000	43.000000	73.000000	156
10	DR2	1473.000000	51.000000	82.000000	157
29	DR20	421.000000	39.000000	74.000000	158
51	DR21	273.000000	45.000000	69.000000	159
11	DR3	1432.000000	52.000000	82.000000	160
12	DR4	1393.000000	52.000000	84.000000	161
13	DR5	1323.000000	46.000000	83.000000	162
14	DR6	1311.000000	53.000000	88.000000	163
15	DR7	1196.000000	40.000000	77.000000	164
18	DR8	1166.000000	39.000000	80.000000	165
19	DR9	1124.000000	34.000000	76.000000	166
553	DVA	252.000000	52.000000	63.000000	167
552	DVC	235.000000	66.000000	61.000000	168
176	E1D	1472.026166	56.087600	68.994312	169
169	E1VL	1493.000000	85.000000	57.000000	170
162	E1VR	1494.000000	82.000000	82.000000	171
173	E2D	1543.000000	54.000000	64.000000	172
166	E2VL	1563.000000	78.000000	58.000000	173
159	E2VR	1562.000000	76.000000	77.000000	174
177	E3D	1431.000000	61.000000	69.000000	175
170	E3VL	1456.030371	88.023622	57.000000	176
163	E3VR	1465.007839	84.002240	81.989922	177
180	EXC	1213.000000	103.000000	62.000000	178
297	EXC/DUCT	1229.000000	91.000000	56.000000	179
86	EXC/GL/L	1125.000000	104.000000	53.000000	180
62	EXC/GL/R	1137.983051	99.960452	84.045198	181
550	F	265.000000	63.000000	61.000000	182
207	FLPL	1195.000000	89.000000	41.000000	183
248	FLPR	1190.965909	90.051136	95.068182	184
188	G1	1274.000000	120.000000	69.000000	185
118	G1AL	1167.000000	67.000000	49.000000	186
119	G1AR	1166.000000	61.000000	79.000000	187
102	G1P	1111.000000	52.000000	70.000000	188
189	G2	1248.000000	110.000000	67.000000	189
103	G2L	1114.000000	88.000000	59.000000	190
104	G2R	1115.000000	87.000000	76.000000	191
304	GLRDL	1289.008979	58.984287	62.017957	192
305	GLRDR	1288.034091	57.948864	73.931818	193
275	GLRL	1286.000000	89.000000	58.000000	194
277	GLRR	1283.000000	90.000000	85.000000	195
274	GLRVL	1287.003375	99.033746	63.016873	196
276	GLRVR	1287.000000	97.000000	76.000000	197
339	H0L	1435.000000	79.000000	43.000000	198
554	H0R	1438.000000	73.000000	90.000000	199
340	H1L	1315.975646	85.019926	40.964576	200
555	H1R	1334.000000	73.000000	94.000000	201
341	H2L	1172.000000	77.000000	39.000000	202
556	H2R	1169.000000	76.000000	96.000000	203
16	HMC	1194.161836	42.080918	65.323671	204
458	HSNL	686.000000	86.000000	45.000000	205
446	HSNR	686.000000	77.000000	85.000000	206
548	HYP101	98.000000	62.000000	63.000000	207
549	HYP102	74.000000	63.000000	63.000000	208
546	HYP11	135.000000	57.000000	58.000000	209
392	HYP1L	1418.000000	65.000000	49.000000	210
377	HYP1R	1414.000000	63.000000	89.000000	211
329	HYP1V	1503.000000	99.000000	65.000000	212
395	HYP2L	1468.000000	67.000000	48.000000	213
327	HYP2V	1531.000000	97.000000	65.000000	214
312	HYP31	1541.000000	41.000000	65.000000	215
313	HYP32	1522.000000	41.000000	63.000000	216
311	HYP4D	1606.000000	50.000000	67.000000	217
320	HYP4V1	1608.000000	86.000000	67.000000	218
321	HYP4V2	1574.000000	93.000000	69.000000	219
31	HYP5L	1531.000000	74.000000	46.000000	220
9	HYP5R	1524.000000	67.000000	88.000000	221
314	HYP6D1	1477.026997	40.983127	64.979753	222
315	HYP6D2	1438.955720	47.996310	66.985240	223
316	HYP6D3	1412.000000	45.000000	67.000000	224
317	HYP6D4	1388.000000	43.000000	67.000000	225
322	HYP6V1	1494.094011	109.153146	69.905989	226
323	HYP6V2	1444.000000	109.000000	74.000000	227
543	HYP71	180.000000	74.000000	65.000000	228
544	HYP72	162.000000	74.000000	62.000000	229
447	HYP7ABLD	1102.000000	70.000000	37.000000	230
448	HYP7ABLV	1084.000000	82.000000	39.000000	231
420	HYP7ABR3	1071.000000	73.000000	94.000000	232
418	HYP7ABRD	1104.000000	64.000000	94.000000	233
419	HYP7ABRV	1094.000000	82.000000	94.000000	234
318	HYP7D1	1347.000000	43.000000	67.000000	235
319	HYP7D2	1250.000000	36.000000	67.000000	236
465	HYP7LC1	998.000000	60.000000	43.000000	237
466	HYP7LC2	912.000000	60.000000	43.000000	238
467	HYP7LC3	817.000000	64.000000	43.000000	239
468	HYP7LC4	661.000000	64.000000	43.000000	240
469	HYP7LC5	462.000000	56.000000	43.000000	241
470	HYP7LC6	275.013235	47.997059	44.980147	242
436	HYP7RC1	949.000000	54.000000	91.000000	243
437	HYP7RC2	857.000000	62.000000	91.000000	244
438	HYP7RC3	701.000000	63.000000	91.000000	245
439	HYP7RC4	621.000000	49.000000	85.000000	246
440	HYP7RC5	454.000000	54.000000	85.000000	247
441	HYP7RC6	274.777338	52.951664	80.361331	248
324	HYP7V1	1368.000000	116.000000	72.000000	249
325	HYP7V2	1329.000000	122.000000	69.000000	250
545	HYP8	133.997792	69.026490	63.011038	251
547	HYP9	108.000000	68.000000	60.000000	252
157	I1L	1428.000000	87.000000	60.000000	253
158	I1R	1426.001119	82.996644	79.994407	254
146	I2L	1394.000000	96.000000	53.000000	255
147	I2R	1394.000000	85.000000	86.000000	256
134	I3	1370.000000	61.000000	68.000000	257
558	I4	1175.000000	52.000000	65.000000	258
117	I5	1156.000000	91.000000	70.000000	259
115	I6	1157.000000	54.000000	51.000000	260
373	IL1DL	1340.983852	60.016148	61.838524	261
374	IL1DR	1342.000000	59.000000	72.000000	262
346	IL1L	1355.000000	88.000000	49.000000	263
359	IL1R	1358.000000	81.000000	88.000000	264
413	IL1VL	1345.000000	108.000000	68.000000	265
409	IL1VR	1328.917902	111.010262	70.071836	266
368	IL2DL	1367.000000	54.000000	55.000000	267
369	IL2DR	1369.000000	50.000000	74.000000	268
343	IL2L	1369.000000	77.000000	44.000000	269
358	IL2R	1381.000000	76.000000	95.000000	270
414	IL2VL	1357.000000	113.000000	63.000000	271
412	IL2VR	1356.000000	110.000000	79.000000	272
391	ILSHDL	1404.000000	62.000000	49.000000	273
417	ILSHDR	1376.000000	63.000000	88.000000	274
400	ILSHL	1417.026997	93.020247	48.016873	275
384	ILSHR	1424.000000	89.000000	90.000000	276
331	ILSHVL	1454.000000	106.000000	66.000000	277
333	ILSHVR	1467.000000	103.000000	77.000000	278
337	ILSODL	1492.000000	48.000000	58.000000	279
335	ILSODR	1469.000000	46.000000	71.000000	280
398	ILSOL	1440.000000	91.000000	48.000000	281
382	ILSOR	1458.000000	82.000000	91.000000	282
330	ILSOVL	1477.000000	105.000000	66.000000	283
332	ILSOVR	1489.000000	101.000000	75.000000	284
507	IML	345.000000	76.000000	47.000000	285
506	IMR	377.000000	78.000000	76.000000	286
472	IND2	996.000000	48.000000	73.000000	287
6	IND3	930.739174	47.189224	64.655853	288
7	IND4	849.492675	50.947871	65.942249	289
473	IND5	770.000000	51.000000	79.000000	290
474	IND6	615.000000	54.000000	56.000000	291
475	IND7	509.000000	49.000000	58.000000	292
476	IND8	410.000000	49.000000	59.000000	293
477	IND9	340.000000	51.000000	49.000000	294
1	INDL1	1041.555781	55.869737	52.240115	295
4	INDR1	1052.614443	54.379489	80.666567	296
478	INV2	997.000000	95.000000	69.000000	297
2	INV3	928.916195	93.511328	64.332284	298
479	INV4	834.000000	89.000000	69.000000	299
480	INV5	745.000000	67.000000	54.000000	300
481	INV6	658.717164	67.709083	70.130933	301
482	INV7	542.000000	82.000000	61.000000	302
483	INV8	450.000000	78.000000	59.000000	303
484	INV9	358.000000	78.000000	65.000000	304
3	INVL1	1053.889328	101.241489	59.830805	305
5	INVR1	1049.218431	92.115335	78.145930	306
523	K	268.000000	49.000000	55.000000	307
521	K'	280.000000	54.000000	72.000000	308
527	LUAL	247.000000	54.000000	52.000000	309
535	LUAR	252.000000	58.000000	74.000000	310
443	M	558.000000	70.000000	82.000000	311
116	M1	1155.000000	50.000000	78.000000	312
120	M2L	1169.000000	85.000000	54.000000	313
121	M2R	1171.000000	76.000000	81.000000	314
132	M3L	1343.000000	93.000000	63.000000	315
133	M3R	1343.000000	89.000000	76.000000	316
131	M4	1341.000000	73.000000	67.000000	317
111	M5	1123.000000	53.000000	48.000000	318
148	MC1DL	1402.000000	71.000000	57.000000	319
149	MC1DR	1404.089592	68.447958	78.537549	320
150	MC1V	1402.842044	99.039489	70.905923	321
128	MC2DL	1199.000000	74.000000	62.000000	322
129	MC2DR	1201.000000	72.000000	73.000000	323
130	MC2V	1196.000000	89.000000	70.000000	324
108	MC3DL	1131.000000	63.000000	47.000000	325
109	MC3DR	1132.000000	55.000000	82.000000	326
110	MC3V	1128.000000	93.000000	69.000000	327
144	MCL	1392.997755	88.984287	62.020202	328
145	MCR	1392.927017	82.854033	77.416133	329
137	MI	1386.060432	56.568345	66.523741	330
135	NSML	1375.000000	93.000000	55.000000	331
136	NSMR	1373.000000	87.000000	81.000000	332
352	OLLL	1349.000000	73.000000	54.000000	333
353	OLLR	1349.985832	68.042503	82.844156	334
402	OLLSHL	1389.000000	88.000000	42.000000	335
385	OLLSHR	1415.040632	75.959368	93.000000	336
389	OLLSOL	1376.000000	66.000000	46.000000	337
416	OLLSOR	1369.392308	61.907692	83.597436	338
371	OLQDL	1328.000000	56.000000	62.000000	339
372	OLQDR	1331.000000	52.000000	73.000000	340
390	OLQSHDL	1395.995526	68.003356	42.996644	341
376	OLQSHDR	1398.000000	62.000000	91.000000	342
401	OLQSHVL	1409.000000	87.000000	43.000000	343
386	OLQSHVR	1407.000000	84.000000	93.000000	344
338	OLQSODL	1470.000000	49.000000	60.000000	345
336	OLQSODR	1450.000000	49.000000	71.000000	346
399	OLQSOVL	1427.000000	100.000000	52.000000	347
383	OLQSOVR	1442.000000	86.000000	90.000000	348
349	OLQVL	1329.000000	100.000000	55.000000	349
415	OLQVR	1329.000000	98.000000	85.000000	350
459	P1/2L	964.000000	93.000000	41.000000	351
430	P1/2R	958.000000	86.000000	92.000000	352
464	P11/12L	322.958668	73.917336	42.889782	353
435	P11/12R	323.000000	71.000000	78.000000	354
460	P3/4L	853.000000	97.000000	45.000000	355
431	P3/4R	851.000000	88.000000	92.000000	356
461	P5/6L	722.000000	92.000000	45.000000	357
432	P5/6R	726.000000	80.000000	92.000000	358
462	P7/8L	582.000000	90.000000	45.000000	359
433	P7/8R	596.000000	89.000000	85.000000	360
463	P9/10L	463.000000	82.000000	42.000000	361
434	P9/10R	480.000000	85.000000	81.000000	362
526	PHAL	262.000000	71.000000	51.000000	363
538	PHAR	264.000000	73.000000	71.000000	364
525	PHBL	259.000000	59.000000	48.000000	365
537	PHBR	263.000000	61.000000	73.000000	366
530	PHSHL	216.000000	57.000000	54.000000	367
533	PHSHR	219.000000	63.000000	69.000000	368
531	PLML	202.000000	65.000000	56.000000	369
532	PLMR	206.000000	71.000000	69.000000	370
151	PM1DL	1403.000000	63.000000	64.598361	371
152	PM1DR	1403.000000	63.000000	72.000000	372
153	PM1L	1411.000000	83.000000	56.000000	373
154	PM1R	1410.977401	77.005650	82.943503	374
155	PM1VL	1411.000000	97.000000	63.000000	375
156	PM1VR	1411.000000	97.000000	77.000000	376
174	PM2D1	1517.000000	56.000000	65.000000	377
175	PM2D2	1503.018038	55.040586	64.977452	378
167	PM2VL1	1527.000000	84.000000	58.000000	379
168	PM2VL2	1511.000000	84.000000	58.000000	380
160	PM2VR1	1531.000000	80.000000	77.000000	381
161	PM2VR2	1514.000000	81.000000	79.000000	382
178	PM3DL	1483.000000	59.000000	62.000000	383
179	PM3DR	1454.000000	62.000000	73.000000	384
171	PM3L	1447.000000	81.000000	57.000000	385
172	PM3R	1447.000000	78.000000	79.000000	386
165	PM3VL	1482.000000	87.000000	63.000000	387
164	PM3VR	1482.000000	85.000000	76.000000	388
138	PM4DL	1386.000000	60.000000	59.000000	389
139	PM4DR	1384.000000	60.000000	75.000000	390
140	PM4L	1388.000000	81.000000	54.000000	391
141	PM4R	1385.000000	74.000000	84.000000	392
142	PM4VL	1386.000000	101.000000	64.000000	393
143	PM4VR	1386.000000	99.000000	79.000000	394
126	PM5DL	1185.000000	60.000000	60.000000	395
127	PM5DR	1185.000000	59.000000	71.000000	396
124	PM5L	1182.000000	79.000000	57.000000	397
125	PM5R	1183.000000	70.000000	79.000000	398
122	PM5VL	1176.029724	89.059448	66.895966	399
123	PM5VR	1174.000000	85.000000	74.000000	400
112	PM6D	1155.000000	49.000000	63.000000	401
113	PM6VL	1150.000000	83.000000	55.000000	402
114	PM6VR	1153.000000	77.000000	82.000000	403
105	PM7D	1128.000000	44.000000	64.000000	404
106	PM7VL	1127.000000	81.000000	53.000000	405
107	PM7VR	1128.000000	77.000000	82.000000	406
99	PM8	1104.000000	79.000000	65.000000	407
528	PVCL	240.000000	66.000000	50.000000	408
536	PVCR	244.000000	67.000000	74.000000	409
509	PVPL	326.000000	80.000000	51.000000	410
515	PVPR	313.000000	77.000000	68.405603	411
524	PVQL	277.000000	62.000000	48.000000	412
539	PVQR	283.000000	68.000000	75.000000	413
540	PVR	165.000000	51.000000	66.000000	414
508	PVT	333.000000	82.000000	64.000000	415
471	QL	541.000000	76.000000	42.000000	416
442	QR	595.000000	67.000000	86.000000	417
522	REPD	286.000000	41.000000	60.000000	418
512	REPVL	297.000000	64.000000	48.000000	419
520	REPVR	299.000000	60.000000	73.000000	420
310	RIAL	1265.000000	61.000000	56.000000	421
309	RIAR	1265.000000	57.000000	81.000000	422
225	RIBL	1238.000000	75.000000	52.000000	423
271	RIBR	1233.000000	79.000000	86.000000	424
208	RICL	1210.000000	89.000000	40.000000	425
249	RICR	1203.000000	91.000000	96.000000	426
300	RID	1306.000000	43.000000	66.000000	427
195	RIFL	1163.000000	110.000000	61.000000	428
194	RIFR	1172.000000	111.000000	71.000000	429
198	RIGL	1142.000000	108.000000	62.000000	430
201	RIGR	1121.000000	111.000000	68.000000	431
287	RIH	1273.000000	104.000000	69.000000	432
228	RIML	1218.000000	69.000000	53.000000	433
272	RIMR	1213.000000	82.000000	88.000000	434
351	RIPL	1334.000000	78.000000	54.000000	435
354	RIPR	1334.000000	74.000000	83.000000	436
290	RIR	1262.000000	92.000000	75.000000	437
186	RIS	1190.000000	104.000000	84.000000	438
234	RIVL	1197.000000	51.000000	57.000000	439
243	RIVR	1194.000000	53.000000	82.000000	440
278	RMDDL	1283.000000	104.000000	52.000000	441
281	RMDDR	1284.000000	104.000000	88.000000	442
213	RMDL	1293.000000	91.000000	45.000000	443
254	RMDR	1295.000000	89.000000	95.000000	444
220	RMDVL	1301.000000	74.000000	43.000000	445
259	RMDVR	1307.000000	73.000000	94.000000	446
370	RMED	1323.085672	52.877400	69.135894	447
350	RMEL	1322.000000	80.000000	50.000000	448
355	RMER	1322.000000	81.000000	86.000000	449
406	RMEV	1306.000000	113.000000	67.000000	450
204	RMGL	1158.000000	93.000000	43.000000	451
245	RMGR	1150.000000	90.000000	92.000000	452
285	SAADL	1276.131227	100.868773	60.650061	453
286	SAADR	1276.023837	101.984109	79.079455	454
306	SAAVL	1285.000000	66.000000	54.000000	455
307	SAAVR	1284.000000	64.000000	82.000000	456
196	SABD	1160.026997	107.979753	75.016873	457
193	SABVL	1175.023837	113.015891	60.920545	458
192	SABVR	1185.000000	115.000000	72.000000	459
296	SIADL	1247.000000	92.000000	52.000000	460
284	SIADR	1256.000000	103.000000	91.000000	461
298	SIAVL	1235.000000	103.000000	56.000000	462
299	SIAVR	1229.000000	97.000000	84.000000	463
212	SIBDL	1277.000000	91.000000	46.000000	464
253	SIBDR	1279.972696	88.990899	95.091013	465
289	SIBVL	1268.000000	91.000000	55.000000	466
288	SIBVR	1268.006719	93.001120	85.011198	467
280	SMBDL	1252.000000	107.000000	54.000000	468
283	SMBDR	1243.000000	103.000000	85.000000	469
291	SMBVL	1259.000000	99.000000	63.000000	470
292	SMBVR	1259.000000	106.000000	76.000000	471
279	SMDDL	1268.000000	107.000000	52.000000	472
282	SMDDR	1268.000000	109.000000	86.000000	473
222	SMDVL	1273.000000	58.000000	48.000000	474
308	SMDVR	1278.000000	56.000000	90.000000	475
511	SPH	316.000000	65.000000	48.000000	476
542	TL	181.000000	57.000000	55.000000	477
541	TR	185.000000	57.000000	70.000000	478
519	U	297.000000	72.000000	61.000000	479
367	URADL	1350.030371	56.989876	55.979753	480
364	URADR	1350.898876	56.882647	77.617978	481
410	URAVL	1336.773318	110.056671	62.858323	482
411	URAVR	1340.000000	110.000000	79.000000	483
344	URBL	1344.965909	79.051136	45.931818	484
357	URBR	1347.000000	74.000000	91.000000	485
238	URXL	1273.000000	49.000000	60.000000	486
239	URXR	1266.000000	49.000000	72.000000	487
366	URYDL	1335.983127	61.003375	51.966254	488
363	URYDR	1335.018265	58.049087	81.089041	489
347	URYVL	1344.949153	98.966102	50.988701	490
360	URYVR	1348.000000	96.000000	87.000000	491
450	V1L	1025.000000	81.000000	41.000000	492
422	V1R	1022.000000	75.000000	93.000000	493
451	V2L	907.000000	84.000000	42.000000	494
423	V2R	916.000000	77.000000	93.000000	495
452	V3L	793.000000	83.000000	42.000000	496
424	V3R	792.000000	78.000000	93.000000	497
453	V4L	639.000000	84.000000	43.000000	498
425	V4R	634.000000	77.000000	90.000000	499
454	V5L	501.000000	71.000000	43.000000	500
426	V5R	518.000000	78.000000	86.000000	501
455	V6L	412.000000	70.000000	43.000000	502
427	V6R	417.000000	64.000000	83.000000	503
513	VIRL	310.000000	52.000000	50.000000	504
514	VIRR	312.000000	51.000000	68.000000	505
94	VL1	1485.000000	92.000000	48.000000	506
84	VL10	1080.000000	103.000000	54.000000	507
83	VL11	981.000000	109.000000	61.000000	508
82	VL12	905.000000	101.000000	57.000000	509
81	VL13	843.000000	103.000000	57.000000	510
80	VL14	793.000000	97.000000	57.000000	511
79	VL15	760.000000	97.000000	59.000000	512
78	VL16	652.000000	92.000000	59.000000	513
77	VL17	519.000000	92.000000	52.000000	514
76	VL18	399.000000	82.000000	53.000000	515
75	VL19	221.000000	72.000000	56.000000	516
93	VL2	1465.000000	102.000000	53.000000	517
92	VL3	1435.000000	108.000000	57.000000	518
91	VL4	1383.000000	106.000000	48.000000	519
90	VL5	1329.000000	114.000000	54.000000	520
89	VL6	1304.000000	104.000000	47.000000	521
88	VL7	1206.000000	114.000000	56.000000	522
87	VL8	1154.000000	105.000000	53.000000	523
85	VL9	1106.000000	107.000000	56.000000	524
96	VPI1	1093.000000	53.000000	63.000000	525
100	VPI2DL	1097.919811	71.023585	49.252358	526
101	VPI2DR	1098.000000	65.000000	77.000000	527
98	VPI2V	1102.000000	92.000000	67.000000	528
95	VPI3D	1083.982353	61.015441	65.005147	529
97	VPI3V	1092.822300	87.921022	68.019744	530
54	VR1	1489.809058	89.334149	86.190942	531
64	VR10	1079.000000	105.000000	83.000000	532
65	VR11	1007.000000	105.000000	83.000000	533
66	VR12	945.000000	96.000000	84.000000	534
67	VR13	898.000000	99.000000	84.000000	535
68	VR14	801.000000	90.000000	83.000000	536
69	VR15	771.000000	93.000000	80.000000	537
70	VR16	676.000000	87.000000	79.000000	538
71	VR17	596.000000	92.000000	72.000000	539
72	VR18	522.000000	91.000000	73.000000	540
73	VR19	409.000000	83.000000	70.000000	541
55	VR2	1463.000000	96.000000	86.000000	542
74	VR20	231.000000	76.000000	70.000000	543
56	VR3	1428.000000	104.000000	85.000000	544
57	VR4	1387.000000	97.000000	91.000000	545
58	VR5	1326.071836	112.010262	83.082098	546
59	VR6	1315.000000	103.405603	92.045067	547
60	VR7	1218.000000	111.000000	85.000000	548
61	VR8	1158.996625	102.983127	85.033746	549
63	VR9	1114.000000	108.000000	83.000000	550
190	W	1225.000000	115.000000	67.000000	551
403	XXXL	1370.000000	92.000000	44.000000	552
387	XXXR	1369.000000	89.000000	93.000000	553
518	YPDA	287.000000	84.000000	59.000000	554
485	Z1	753.000000	85.000000	74.000000	555
486	Z2	729.000000	78.000000	74.000000	556
487	Z3	697.000000	80.000000	62.000000	557
488	Z4	673.000000	81.000000	59.000000	558
