label_number	label_name	x	y	z	Aligned_No
295	ADAL	1133.592103	59.673376	103.328541	1
1	ADAR	1132.924475	63.005963	38.907155	2
292	ADEL	1139.465632	70.707909	100.943070	3
13	ADER	1141.518974	73.144274	41.409573	4
297	ADESHL	1114.674119	75.464377	102.875863	5
22	ADESHR	1088.350000	92.255300	43.104147	6
326	ADFL	1217.000000	97.000000	90.000000	7
341	ADFR	1232.000000	97.000000	52.000000	8
196	ADLL	1200.952931	100.530988	77.394472	9
109	ADLR	1210.420385	106.685632	63.767704	10
319	AFDL	1233.000000	93.000000	98.000000	11
339	AFDR	1245.627306	90.145229	43.440959	12
357	AIAL	1216.000000	55.000000	78.000000	13
123	AIAR	1216.840257	48.952963	64.105070	14
256	AIBL	1219.139709	78.901078	88.826535	15
77	AIBR	1231.168142	78.742478	53.751327	16
550	AIML	1165.061684	56.938316	81.722420	17
117	AIMR	1171.100461	52.375577	62.206248	18
294	AINL	1156.976859	91.938386	100.968470	19
338	AINR	1167.000000	86.000000	41.000000	20
551	AIYL	1163.000000	59.000000	91.000000	21
43	AIYR	1172.124054	55.678509	49.851194	22
324	AIZL	1159.000000	79.000000	94.000000	23
335	AIZR	1164.995511	75.977553	46.011223	24
198	ALA	1261.079556	118.861190	75.326723	25
280	ALML	809.642834	107.323471	97.499014	26
32	ALMR	936.720470	102.635651	46.600000	27
539	ALNL	231.000000	88.000000	82.000000	28
119	ALNR	229.104633	93.626641	63.886486	29
270	AMSHL	1191.408784	112.014527	94.108784	30
501	AMSHR	1147.250631	96.983810	42.535534	31
268	AMSOL	1406.456657	91.000000	95.955474	32
21	AMSOR	1424.655487	90.777754	43.871365	33
272	ARCADL	1451.003217	74.819335	97.144210	34
20	ARCADR	1455.107956	82.884563	43.536212	35
122	ARCAV	1523.856352	47.864293	65.239172	36
141	ARCPD	1490.217421	110.890152	69.795997	37
285	ARCPDL	1432.130950	86.671191	98.691072	38
35	ARCPDR	1411.202294	94.350099	50.997573	39
116	ARCPV	1493.917453	47.876310	65.053983	40
265	ARCPVL	1429.230643	65.857496	94.510502	41
19	ARCPVR	1436.341037	76.093067	43.360400	42
316	ASEL	1195.000000	85.000000	103.000000	43
16	ASER	1205.626563	92.884570	41.492578	44
321	ASGL	1192.000000	92.000000	86.000000	45
51	ASGR	1203.192721	106.312909	50.881906	46
315	ASHL	1216.119157	87.296399	104.514422	47
11	ASHR	1226.135267	83.857541	40.972854	48
329	ASIL	1181.000000	104.000000	82.000000	49
92	ASIR	1192.390540	99.856425	60.161992	50
305	ASJL	1191.420027	65.942204	102.911066	51
7	ASJR	1202.574824	69.268706	41.206426	52
331	ASKL	1220.000000	107.000000	81.000000	53
343	ASKR	1230.000000	108.000000	60.000000	54
314	AUAL	1211.000000	68.000000	104.000000	55
4	AUAR	1221.113579	68.029783	39.085058	56
303	AVAL	1251.049337	86.660958	103.613048	57
29	AVAR	1265.703666	89.330193	44.255346	58
328	AVBL	1173.000000	87.000000	91.000000	59
342	AVBR	1182.000000	94.000000	50.000000	60
317	AVDL	1171.000000	84.000000	104.000000	61
337	AVDR	1183.035928	91.928144	40.676647	62
327	AVEL	1241.000000	81.000000	90.000000	63
69	AVER	1251.233388	80.881983	52.633388	64
350	AVG	1136.979684	39.989842	68.949210	65
320	AVHL	1186.000000	99.000000	98.000000	66
37	AVHR	1183.695690	107.943418	47.455585	67
318	AVJL	1170.000000	101.000000	102.000000	68
36	AVJR	1165.259858	97.209200	48.408269	69
230	AVKL	1149.113949	55.853904	85.455511	70
54	AVKR	1155.099519	60.606735	50.982562	71
73	AVL	1224.918136	64.000630	54.760076	72
240	AWAL	1204.680114	82.510473	87.252133	73
75	AWAR	1214.765333	90.634406	56.463680	74
287	AWBL	1205.539566	97.864194	97.273440	75
340	AWBR	1221.000000	103.000000	44.000000	76
302	AWCL	1228.448101	73.630307	103.563681	77
3	AWCR	1240.448300	74.519372	38.422867	78
535	B	253.611814	64.684951	68.116268	79
291	BAGL	1306.609631	75.306527	102.619408	80
370	BAGR	1307.998880	79.993281	45.988802	81
306	BDUL	1018.150351	71.830538	104.553237	82
17	BDUR	1034.805244	71.019785	43.076520	83
293	CANL	688.744130	81.529445	99.833023	84
56	CANR	715.554447	77.623652	52.141258	85
221	CCLA	925.412923	44.223020	83.222788	86
214	CCLP	907.598754	42.099908	80.583526	87
53	CCRA	981.641406	53.613281	52.083333	88
110	CCRP	930.789062	44.461182	63.827637	89
259	CEPDL	1261.185553	112.381425	89.541179	90
98	CEPDR	1265.324510	113.819801	59.343344	91
266	CEPSHDL	1293.202067	99.315040	92.747187	92
70	CEPSHDR	1295.228020	97.936145	54.314034	93
382	CEPSHVL	1293.000000	58.000000	88.000000	94
46	CEPSHVR	1292.254985	64.632810	52.339803	95
269	CEPSODL	1336.800893	96.291568	95.240609	96
76	CEPSODR	1337.970974	96.316465	56.095813	97
388	CEPSOVL	1322.000000	54.000000	89.000000	98
62	CEPSOVR	1327.503323	59.745317	52.870393	99
188	CEPVL	1290.485185	47.585979	77.087037	100
124	CEPVR	1295.566575	48.815890	63.040548	101
154	DA1	1092.362077	36.115700	71.940097	102
186	DA2	1008.507635	36.182067	76.352584	103
187	DA3	937.379589	38.902105	75.503426	104
176	DA4	805.215304	42.687569	75.956588	105
177	DA5	639.799143	46.668851	75.406754	106
161	DA6	529.604915	52.830948	73.178504	107
167	DA7	384.422903	57.190357	73.213712	108
189	DA8	300.643075	58.363026	76.449969	109
83	DA9	295.705556	70.151481	56.583333	110
348	DB1	1122.000000	35.000000	71.000000	111
148	DB2	1168.845461	32.617824	70.950935	112
159	DB3	1046.541764	34.413349	73.139149	113
199	DB4	858.798894	42.262676	78.544034	114
201	DB5	729.229718	46.592111	77.989691	115
178	DB6	552.300549	53.020220	74.467049	116
166	DB7	406.165097	54.337937	72.685708	117
349	DD1	1125.000000	44.000000	78.000000	118
552	DD2	969.000000	38.000000	73.000000	119
200	DD3	778.387057	43.448700	78.088675	120
202	DD4	608.567055	48.979733	77.157611	121
160	DD5	437.553016	50.995430	72.144881	122
545	DD6	299.976378	70.000000	69.030371	123
534	DEP	239.000000	92.000000	70.000000	124
487	DL1	1465.272974	95.203932	93.329871	125
494	DL10	1037.234014	118.348579	90.963292	126
495	DL11	967.917222	116.265278	92.416111	127
260	DL12	919.925518	113.425293	90.984248	128
248	DL13	859.643630	117.450993	90.449378	129
247	DL14	783.660169	114.151804	88.661704	130
496	DL15	733.935789	117.881316	88.511316	131
497	DL16	630.367079	110.283613	86.750765	132
486	DL17	559.869441	114.980034	86.335148	133
485	DL18	470.323163	103.428203	88.955373	134
234	DL19	419.937652	108.694534	85.251215	135
488	DL2	1431.523921	102.357477	90.518401	136
484	DL20	320.976353	107.570185	85.269391	137
192	DL21	210.607575	91.336172	75.716719	138
489	DL3	1398.633327	109.827239	91.225143	139
490	DL4	1350.670876	106.648427	96.216677	140
254	DL5	1285.564723	117.996501	86.558892	141
491	DL6	1278.895040	109.839087	95.108929	142
242	DL7	1155.404755	117.808405	86.796793	143
492	DL8	1113.475973	116.854841	92.548838	144
493	DL9	1073.799451	113.250887	90.464021	145
468	DR1	1469.681358	97.694867	52.563154	146
38	DR10	1072.257019	107.844084	48.802473	147
475	DR11	1002.422660	114.024302	58.352217	148
476	DR12	935.008373	113.051910	56.837875	149
477	DR13	891.547547	116.763426	64.581445	150
89	DR14	825.368825	113.173141	57.842046	151
478	DR15	781.864168	117.637097	69.212998	152
479	DR16	674.223012	108.014953	57.042670	153
480	DR17	622.821479	110.870256	60.356199	154
481	DR18	547.603999	116.386837	66.050403	155
482	DR19	451.204708	110.394473	66.718936	156
469	DR2	1431.703730	105.300627	54.455211	157
483	DR20	392.924815	113.302368	67.592807	158
129	DR21	264.522019	103.198911	69.872835	159
470	DR3	1388.663302	112.336249	57.112831	160
59	DR4	1341.621097	106.967869	50.183086	161
471	DR5	1307.115636	118.180427	58.210799	162
66	DR6	1284.103654	110.648956	53.127330	163
472	DR7	1179.192833	119.067730	62.444698	164
473	DR8	1135.976969	120.069899	55.462232	165
474	DR9	1094.229795	119.287394	57.506484	166
191	DVA	249.569022	81.978030	70.635298	167
533	DVC	229.993205	77.040770	70.061155	168
420	E1D	1458.568345	99.287770	71.136691	169
425	E1VL	1473.000000	70.000000	82.000000	170
422	E1VR	1473.039749	73.029289	54.956067	171
152	E2D	1547.324698	93.149683	70.563999	172
427	E2VL	1539.476254	67.687903	78.320702	173
426	E2VR	1544.043746	69.603777	60.013297	174
416	E3D	1409.000000	97.000000	72.000000	175
212	E3VL	1424.512631	68.670158	79.623126	176
82	E3VR	1435.801555	72.305628	59.123658	177
555	EXC	1184.391934	53.826612	77.301135	178
224	EXC/DUCT	1193.908566	61.768834	83.709598	179
243	EXC/GL/L	1115.306873	50.386253	89.303402	180
463	EXC/GL/R	1135.301520	53.746199	50.084678	181
190	F	266.800492	77.088163	70.527222	182
323	FLPL	1155.000000	68.000000	101.000000	183
5	FLPR	1153.082323	68.811954	39.196504	184
142	G1	1240.263851	36.254025	69.996237	185
238	G1AL	1137.718532	94.667357	86.362559	186
398	G1AR	1132.317160	91.476425	51.668311	187
91	G1P	1078.648269	92.985345	60.798877	188
165	G2	1220.829096	42.204900	73.769678	189
215	G2L	1082.600856	57.940057	79.274976	190
112	G2R	1085.656302	55.902445	63.552575	191
556	GLRDL	1263.000000	102.000000	78.000000	192
135	GLRDR	1264.151886	100.587875	66.554337	193
245	GLRL	1255.294458	71.779156	87.433140	194
344	GLRR	1260.988701	73.050847	56.966102	195
218	GLRVL	1259.702234	62.032628	79.176367	196
345	GLRVR	1263.000000	64.000000	63.000000	197
394	H0L	1411.588169	79.176713	103.521528	198
10	H0R	1392.316030	81.652259	40.021503	199
301	H1L	1281.806309	71.480039	100.445047	200
368	H1R	1294.000000	80.000000	40.000000	201
313	H2L	1143.080544	82.017085	105.766736	202
498	H2R	1099.563669	79.352924	38.030276	203
163	HMC	1165.718187	110.880199	73.864473	204
274	HSNL	659.333634	63.785148	97.792538	205
45	HSNR	670.768395	63.243210	50.585185	206
208	HYP101	64.203922	83.199320	76.601761	207
207	HYP102	29.991568	79.857625	76.284992	208
213	HYP11	129.023818	90.666043	77.751106	209
286	HYP1L	1390.317505	91.584264	98.757216	210
30	HYP1R	1388.561475	94.521038	45.551639	211
428	HYP1V	1480.000000	47.000000	74.000000	212
282	HYP2L	1468.766243	80.111758	98.376766	213
136	HYP2V	1507.995793	46.899790	73.282272	214
175	HYP31	1530.338719	108.561454	76.918831	215
162	HYP32	1513.079670	109.805366	74.710630	216
173	HYP4D	1584.053575	97.820090	74.554389	217
151	HYP4V1	1587.607027	53.952071	71.105402	218
127	HYP4V2	1547.742329	49.296617	67.175649	219
395	HYP5L	1514.994191	78.132645	96.598677	220
34	HYP5R	1507.811021	83.196006	47.621857	221
164	HYP6D1	1408.851637	115.167732	73.388340	222
185	HYP6D2	1383.776933	117.035488	75.019434	223
438	HYP6D3	1366.000000	118.000000	72.000000	224
437	HYP6D4	1346.037929	116.248445	77.990167	225
434	HYP6V1	1411.504728	44.852837	68.611899	226
433	HYP6V2	1386.649065	41.559364	68.429271	227
169	HYP71	185.381528	69.017342	73.666407	228
171	HYP72	152.264297	77.269240	73.647917	229
308	HYP7ABLD	1095.870898	83.198090	105.388784	230
312	HYP7ABLV	1067.392525	72.079478	104.916771	231
158	HYP7ABR3	1013.545349	116.027531	74.331018	232
499	HYP7ABRD	1087.510259	121.147138	73.646193	233
12	HYP7ABRV	1067.473796	69.726124	40.539239	234
436	HYP7D1	1318.542373	122.683140	75.303122	235
435	HYP7D2	1238.433576	122.917879	74.288285	236
516	HYP7LC1	1038.551871	89.120854	108.233882	237
309	HYP7LC2	935.398517	88.023567	102.904409	238
520	HYP7LC3	744.189284	100.510880	100.305413	239
299	HYP7LC4	587.489919	91.633557	100.701219	240
524	HYP7LC5	519.907069	96.690559	97.663371	241
527	HYP7LC6	272.008100	93.016200	86.027982	242
500	HYP7RC1	937.284997	119.453528	72.355332	243
41	HYP7RC2	828.397661	89.525807	48.553521	244
506	HYP7RC3	704.428256	91.371372	48.760622	245
58	HYP7RC4	585.702640	96.753373	51.591952	246
86	HYP7RC5	441.565565	97.147934	55.416529	247
515	HYP7RC6	265.834989	97.139037	59.884645	248
432	HYP7V1	1337.903173	34.740541	69.890717	249
431	HYP7V2	1296.207170	35.525999	66.323755	250
170	HYP8	123.788588	76.605523	73.153072	251
528	HYP9	88.377304	76.574190	72.920888	252
211	I1L	1397.934106	68.834129	80.559418	253
113	I1R	1401.972484	73.235889	61.113358	254
410	I2L	1367.000000	61.000000	87.000000	255
408	I2R	1361.000000	67.000000	54.000000	256
182	I3	1345.310779	97.172840	75.468424	257
146	I4	1144.113544	103.058557	69.097834	258
128	I5	1127.459922	56.139854	67.641536	259
253	I6	1122.740536	104.824527	86.770702	260
386	IL1DL	1316.000000	106.000000	82.000000	261
375	IL1DR	1317.000000	101.000000	67.000000	262
281	IL1L	1331.816215	72.298859	98.567523	263
28	IL1R	1330.917289	75.223237	45.977593	264
384	IL1VL	1310.000000	52.000000	70.000000	265
371	IL1VR	1320.000000	48.000000	62.000000	266
229	IL2DL	1331.806680	109.047976	85.546356	267
115	IL2DR	1348.983003	111.992682	62.498111	268
307	IL2L	1349.398699	82.134729	104.558830	269
15	IL2R	1341.957210	87.593492	41.102964	270
372	IL2VL	1324.000000	47.000000	76.000000	271
99	IL2VR	1336.652995	44.113715	60.984158	272
393	ILSHDL	1374.000000	94.000000	101.000000	273
378	ILSHDR	1374.010078	96.002240	48.007839	274
390	ILSHL	1382.000000	65.000000	100.000000	275
23	ILSHR	1384.817873	67.580995	44.874887	276
429	ILSHVL	1440.000000	49.000000	71.000000	277
105	ILSHVR	1453.967658	49.554657	61.133571	278
194	ILSODL	1477.949766	111.869732	79.282886	279
440	ILSODR	1462.000000	113.000000	69.000000	280
391	ILSOL	1413.018203	65.927190	95.936291	281
18	ILSOR	1415.711159	75.635837	43.068670	282
150	ILSOVL	1461.348457	47.800363	73.813067	283
430	ILSOVR	1473.000000	48.000000	63.000000	284
244	IML	331.308214	64.346901	88.217272	285
513	IMR	341.000000	73.000000	56.000000	286
104	IND2	974.645564	99.316540	62.232019	287
197	IND3	907.893928	99.705772	79.204835	288
184	IND4	803.488571	103.393474	76.599197	289
114	IND5	719.710092	96.482153	64.536238	290
174	IND6	565.518674	96.827407	77.627318	291
153	IND7	471.564198	96.137089	73.378259	292
183	IND8	398.415422	101.463995	78.768549	293
264	IND9	328.515726	87.248933	89.509720	294
548	INDL1	1025.777932	101.119806	93.259349	295
64	INDR1	1037.016938	98.937596	54.031457	296
203	INV2	963.949764	57.291156	80.326061	297
131	INV3	879.863709	54.742505	71.410165	298
156	INV4	773.281368	61.854615	74.916838	299
241	INV5	668.277462	91.064276	85.228101	300
118	INV6	622.699940	73.130618	65.082063	301
168	INV7	515.158215	70.391886	75.973935	302
549	INV8	426.241205	67.137111	64.761916	303
145	INV9	350.398111	67.878880	69.640013	304
547	INVL1	1019.424613	53.567003	89.883757	305
67	INVR1	1024.141687	54.815874	55.628525	306
536	K	269.000000	87.000000	76.000000	307
532	K'	273.000000	91.000000	65.000000	308
541	LUAL	242.000000	85.000000	85.000000	309
531	LUAR	241.000000	91.000000	59.000000	310
510	M	529.106255	98.978311	59.161573	311
65	M1	1117.878021	102.572397	54.071380	312
223	M2L	1140.269681	70.546718	82.400163	313
63	M2R	1138.202365	78.916216	52.239527	314
225	M3L	1318.595936	67.152410	80.608932	315
133	M3R	1319.541667	68.992560	64.935516	316
195	M4	1321.640358	88.178976	75.396992	317
236	M5	1093.859729	101.380236	85.655541	318
233	MC1DL	1376.880960	86.405397	85.187106	319
103	MC1DR	1380.058990	90.782586	60.947192	320
412	MC1V	1379.000000	56.000000	69.000000	321
404	MC2DL	1171.110302	81.372588	75.154168	322
403	MC2DR	1174.829206	81.977240	59.513656	323
125	MC2V	1171.747387	63.437675	66.102218	324
252	MC3DL	1099.485103	91.488541	91.474217	325
57	MC3DR	1097.364084	90.102553	53.609942	326
137	MC3V	1100.052935	53.804531	71.630484	327
411	MCL	1370.000000	69.000000	79.000000	328
409	MCR	1368.000000	72.000000	63.000000	329
405	MI	1359.000000	98.000000	77.000000	330
219	NSML	1349.741246	66.720100	82.577535	331
81	NSMR	1346.604915	68.056818	58.860465	332
279	OLLL	1323.524566	89.377649	91.198940	333
87	OLLR	1321.979625	89.759169	57.503260	334
304	OLLSHL	1361.124316	70.094910	103.477388	335
6	OLLSHR	1362.324716	80.641417	39.745605	336
283	OLLSOL	1353.796866	93.137474	100.953927	337
49	OLLSOR	1354.795539	94.827138	51.078810	338
387	OLQDL	1302.000000	110.000000	81.000000	339
376	OLQDR	1305.269555	107.961492	64.768953	340
392	OLQSHDL	1374.000000	84.811409	105.083818	341
379	OLQSHDR	1365.000000	94.000000	41.000000	342
389	OLQSHVL	1377.930636	74.156069	102.034682	343
8	OLQSHVR	1367.285146	70.037135	40.447745	344
439	OLQSODL	1452.000000	112.000000	80.000000	345
130	OLQSODR	1440.027227	112.720976	67.311915	346
271	OLQSOVL	1396.952824	63.382946	96.441196	347
31	OLQSOVR	1401.517090	69.055196	46.509700	348
381	OLQVL	1306.000000	64.000000	91.000000	349
72	OLQVR	1305.898184	67.693176	56.382499	350
300	P1/2L	919.337129	74.564856	101.973073	351
502	P1/2R	937.088623	61.330881	49.084688	352
275	P11/12L	317.036260	71.033397	95.499284	353
514	P11/12R	312.689761	76.401594	51.610668	354
284	P3/4L	818.107652	66.117160	97.075449	355
503	P3/4R	839.459740	62.276964	53.006422	356
521	P5/6L	698.097095	62.275076	98.923853	357
505	P5/6R	711.682641	57.871959	51.910737	358
523	P7/8L	571.250415	64.096084	96.793229	359
508	P7/8R	590.937110	62.178412	52.031222	360
525	P9/10L	444.453659	62.028677	93.219512	361
554	P9/10R	491.308284	50.828556	70.300944	362
179	PHAL	264.246190	65.250293	77.483294	363
107	PHAR	263.617589	68.702979	60.233759	364
232	PHBL	255.516083	79.559066	82.852263	365
101	PHBR	253.305590	81.781407	58.419284	366
227	PHSHL	220.751963	78.531850	84.873037	367
108	PHSHR	219.958097	87.785674	61.961778	368
220	PLML	206.243656	75.641365	81.022232	369
134	PLMR	208.287113	78.937814	65.546970	370
414	PM1DL	1384.000000	95.000000	80.000000	371
413	PM1DR	1374.000000	97.000000	72.000000	372
226	PM1L	1384.320745	75.314537	84.822556	373
84	PM1R	1385.711698	80.772327	57.001258	374
415	PM1VL	1383.000000	62.000000	80.000000	375
106	PM1VR	1382.158501	66.244380	61.107781	376
172	PM2D1	1507.309415	96.940733	75.360951	377
193	PM2D2	1487.820202	96.769978	75.347834	378
222	PM2VL1	1511.701906	68.900635	82.585753	379
216	PM2VL2	1495.741655	68.703313	82.409356	380
94	PM2VR1	1509.127269	71.489357	60.487116	381
90	PM2VR2	1493.704878	71.661863	59.949002	382
421	PM3DL	1471.176734	93.508672	78.246411	383
417	PM3DR	1432.233244	95.419124	66.601877	384
419	PM3L	1431.982975	77.956272	81.810036	385
418	PM3R	1425.975362	81.499732	58.945367	386
424	PM3VL	1452.547800	66.800109	75.160239	387
423	PM3VR	1459.561155	69.757154	60.370980	388
262	PM4DL	1356.236622	97.132872	86.851474	389
407	PM4DR	1361.033281	98.468019	62.549662	390
261	PM4L	1361.949223	76.011051	90.191756	391
85	PM4R	1360.097481	81.463034	54.813801	392
204	PM4VL	1354.772206	53.527636	77.310083	393
406	PM4VR	1360.510186	55.931216	62.810953	394
402	PM5DL	1156.000000	94.000000	75.000000	395
401	PM5DR	1153.737079	95.801348	58.782022	396
206	PM5L	1153.618812	80.199010	79.219554	397
74	PM5R	1153.713535	80.971592	55.688947	398
400	PM5VL	1144.000000	62.000000	73.000000	399
399	PM5VR	1146.021689	64.021689	62.891553	400
140	PM6D	1125.143384	104.733899	69.994464	401
217	PM6VL	1126.372453	70.707343	82.051146	402
68	PM6VR	1125.354618	70.032045	54.983742	403
397	PM7D	1095.736352	105.907976	71.068486	404
235	PM7VL	1099.857043	69.262117	87.012073	405
47	PM7VR	1098.713291	69.388178	53.044616	406
144	PM8	1071.900973	65.202595	72.475892	407
540	PVCL	238.983051	74.943503	81.983051	408
530	PVCR	237.911243	81.733728	59.000000	409
205	PVPL	314.640032	60.352270	78.739581	410
546	PVPR	307.000000	70.000000	60.000000	411
237	PVQL	271.570661	71.891961	85.096518	412
100	PVQR	268.874119	79.735146	58.286673	413
181	PVR	178.264800	91.141971	75.846154	414
132	PVT	326.353135	60.790099	67.574697	415
276	QL	521.554903	72.654727	96.524956	416
509	QR	532.583257	79.757672	50.889091	417
537	REPD	278.000000	101.000000	77.000000	418
542	REPVL	287.000000	77.000000	85.000000	419
95	REPVR	291.096419	86.170077	58.872634	420
239	RIAL	1233.394996	98.954294	85.798412	421
88	RIAR	1242.897824	96.512531	58.337097	422
325	RIBL	1189.000000	79.000000	91.000000	423
336	RIBR	1202.000000	79.000000	49.000000	424
311	RICL	1168.174064	66.217984	105.316459	425
334	RICR	1167.000000	66.000000	38.000000	426
147	RID	1278.834240	118.638761	72.162202	427
352	RIFL	1155.976163	40.984109	74.079455	428
126	RIFR	1146.691102	45.783898	64.651271	429
351	RIGL	1141.000000	42.000000	79.000000	430
346	RIGR	1107.000000	40.000000	77.000000	431
363	RIH	1249.000000	52.000000	71.000000	432
277	RIML	1177.440238	72.730124	96.157653	433
25	RIMR	1185.227295	74.254296	44.005891	434
257	RIPL	1309.002338	83.445974	89.523636	435
373	RIPR	1309.000000	86.000000	56.000000	436
366	RIR	1237.986547	61.996637	59.013453	437
60	RIS	1156.745157	46.720642	52.943402	438
330	RIVL	1163.000000	102.000000	90.000000	439
97	RIVR	1174.130012	106.593773	59.010710	440
355	RMDDL	1252.110852	58.110852	89.155193	441
42	RMDDR	1260.376611	55.712951	49.155284	442
310	RMDL	1258.515467	70.625141	101.467942	443
24	RMDR	1267.757534	70.782140	43.746199	444
298	RMDVL	1270.703887	85.961357	100.534262	445
27	RMDVR	1282.131801	89.149556	44.698839	446
377	RMED	1297.977401	108.994350	70.943503	447
278	RMEL	1292.827920	81.494444	99.813248	448
48	RMER	1296.156747	81.208309	53.265468	449
149	RMEV	1277.968125	42.809679	71.860866	450
290	RMGL	1116.763894	62.545382	100.706317	451
2	RMGR	1114.534049	65.622486	40.003428	452
356	SAADL	1247.000000	53.000000	82.000000	453
362	SAADR	1253.000000	57.000000	59.000000	454
333	SAAVL	1256.000000	93.000000	89.000000	455
79	SAAVR	1259.939557	94.120034	56.137911	456
347	SABD	1115.753325	40.205562	65.794438	457
155	SABVL	1171.677296	44.953488	73.068808	458
353	SABVR	1159.000000	43.000000	64.000000	459
358	SIADL	1211.000000	61.000000	92.000000	460
365	SIADR	1215.000000	54.000000	46.000000	461
250	SIAVL	1199.955285	50.382368	90.007368	462
61	SIAVR	1203.143056	49.549402	55.058169	463
322	SIBDL	1243.000000	69.000000	99.000000	464
9	SIBDR	1252.943225	69.901810	41.013714	465
360	SIBVL	1234.000000	63.000000	90.000000	466
367	SIBVR	1246.000000	64.000000	51.000000	467
557	SMBDL	1222.000000	49.000000	88.000000	468
361	SMBDR	1227.000000	47.000000	54.000000	469
359	SMBVL	1231.000000	55.000000	79.000000	470
364	SMBVR	1234.000000	52.000000	64.000000	471
255	SMDDL	1236.343511	47.656489	89.048577	472
44	SMDDR	1241.036119	48.540368	50.465297	473
332	SMDVL	1251.000000	101.000000	96.000000	474
50	SMDVR	1253.614058	104.876017	49.790107	475
543	SPH	304.000000	73.000000	82.000000	476
538	TL	187.000000	86.000000	83.000000	477
529	TR	194.000000	86.000000	66.000000	478
544	U	289.966254	74.013498	72.010124	479
385	URADL	1319.180225	101.759700	89.420526	480
96	URADR	1327.205556	101.190972	59.799653	481
383	URAVL	1305.684138	49.005517	77.055172	482
80	URAVR	1310.402738	52.454663	57.796435	483
380	URBL	1323.000000	82.000000	103.000000	484
369	URBR	1323.000000	86.000000	45.000000	485
209	URXL	1245.665324	109.525727	79.150559	486
121	URXR	1250.482473	110.223174	64.846936	487
258	URYDL	1306.533599	99.919522	92.321912	488
374	URYDR	1312.000000	103.000000	56.000000	489
289	URYVL	1320.096119	66.793626	97.242868	490
40	URYVR	1319.768232	69.994747	49.657602	491
296	V1L	984.836308	75.325553	101.121434	492
26	V1R	994.523531	78.542109	43.914720	493
517	V2L	864.107820	77.289683	97.196794	494
55	V2R	891.650107	70.652244	52.100828	495
519	V3L	755.469806	71.320564	100.516095	496
504	V3R	763.977178	63.981071	51.396429	497
522	V4L	621.820541	67.017349	98.293963	498
507	V4R	616.182829	70.414350	49.269361	499
267	V5L	470.234353	72.419649	94.900586	500
511	V5R	474.003090	78.605899	54.998596	501
526	V6L	390.377264	78.287733	95.881567	502
512	V6R	395.433600	88.124517	53.087797	503
228	VIRL	301.487361	90.998286	81.375107	504
120	VIRR	302.952904	95.082419	64.901816	505
441	VL1	1466.204862	60.008914	91.173744	506
249	VL10	1066.782747	45.050027	89.461906	507
448	VL11	962.000000	43.000000	84.000000	508
263	VL12	906.517620	53.508706	93.379561	509
449	VL13	831.626519	48.580855	84.014453	510
450	VL14	766.133198	55.308927	91.969154	511
451	VL15	709.133495	53.121919	87.652539	512
452	VL16	622.530470	54.692010	85.913523	513
453	VL17	507.983352	57.664363	83.569499	514
454	VL18	382.650260	62.087002	86.797054	515
210	VL19	232.217625	66.620657	77.279848	516
251	VL2	1434.866949	52.140678	86.141102	517
442	VL3	1398.657508	47.512608	85.395371	518
443	VL4	1348.486647	51.933525	94.131604	519
444	VL5	1301.890171	44.393554	86.346598	520
445	VL6	1270.276855	51.633922	93.963428	521
446	VL7	1173.092199	43.331495	86.748358	522
273	VL8	1131.539800	46.303110	91.739062	523
447	VL9	1082.046483	41.594123	80.355654	524
157	VPI1	1063.417593	96.941609	75.307591	525
246	VPI2DL	1065.763124	84.525334	90.625023	526
78	VPI2DR	1062.786688	77.442801	56.039750	527
138	VPI2V	1065.876772	52.919296	72.654321	528
139	VPI3D	1053.114452	87.940978	70.702873	529
396	VPI3V	1061.535415	61.510536	85.077939	530
39	VR1	1464.904450	62.809882	48.621891	531
71	VR10	1072.974933	44.969341	57.124373	532
460	VR11	981.613841	43.573933	62.450519	533
518	VR12	921.141985	51.393466	55.371567	534
459	VR13	854.756428	49.242799	62.152136	535
93	VR14	803.961163	51.582201	59.913793	536
111	VR15	749.295375	52.199178	64.833710	537
458	VR16	660.761975	54.346486	60.231969	538
457	VR17	575.000000	59.000000	62.000000	539
456	VR18	500.044234	63.837393	59.894699	540
455	VR19	387.650821	66.522899	60.805217	541
467	VR2	1430.027387	56.487285	51.894757	542
558	VR20	231.000000	71.000000	61.000000	543
52	VR3	1397.715787	49.584671	53.178135	544
33	VR4	1354.201473	53.222540	48.061976	545
466	VR5	1298.588003	46.053395	50.657218	546
465	VR6	1285.048936	55.514255	45.773191	547
464	VR7	1184.978619	44.068214	56.026878	548
462	VR8	1128.003600	44.734173	53.147015	549
461	VR9	1100.913095	42.061905	56.499048	550
354	W	1196.749400	38.354317	73.329936	551
288	XXXL	1343.426534	65.620570	101.211755	552
14	XXXR	1345.061167	73.958879	42.059625	553
143	YPDA	285.723280	55.464129	68.319424	554
102	Z1	726.211712	60.886868	62.352218	555
553	Z2	694.177957	61.608718	68.826411	556
180	Z3	660.048479	61.937709	78.676718	557
231	Z4	641.937720	61.296231	85.919515	558
