label_number	label_name	x	y	z	Aligned_No
176	ADAL	1133.064591	87.129181	41.080738	1
138	ADAR	1144.942857	85.080000	87.068571	2
177	ADEL	1148.000000	85.000000	43.000000	3
139	ADER	1150.000000	78.000000	81.000000	4
174	ADESHL	1085.000000	75.000000	38.000000	5
136	ADESHR	1104.000000	87.000000	86.000000	6
2	ADFL	1222.238197	62.103004	48.182403	7
158	ADFR	1220.000000	55.000000	74.000000	8
171	ADLL	1192.000000	44.000000	56.000000	9
168	ADLR	1194.017139	44.000000	68.102832	10
193	AFDL	1232.966330	63.060606	41.953343	11
154	AFDR	1231.921348	57.044944	82.101124	12
222	AIAL	1228.077016	90.000000	59.653430	13
223	AIAR	1226.000000	90.000000	69.000000	14
201	AIBL	1229.000000	78.000000	48.000000	15
162	AIBR	1229.000000	70.000000	78.000000	16
116	AIML	1178.104718	97.044879	57.104718	17
120	AIMR	1188.896424	92.155364	66.585697	18
188	AINL	1155.000000	71.000000	44.000000	19
149	AINR	1152.000000	66.000000	81.000000	20
117	AIYL	1170.996641	94.005599	50.011198	21
121	AIYR	1191.000000	89.000000	75.000000	22
204	AIZL	1170.000000	78.000000	48.000000	23
165	AIZR	1167.000000	76.000000	78.000000	24
231	ALA	1257.126021	43.975496	59.179697	25
427	ALML	816.000000	55.000000	41.000000	26
396	ALMR	817.000000	55.000000	78.000000	27
528	ALNL	259.965211	77.034789	52.957069	28
537	ALNR	257.889782	74.041332	67.082664	29
423	AMSHL	1133.000000	59.000000	37.000000	30
391	AMSHR	1136.000000	51.000000	83.000000	31
286	AMSOL	1413.000000	69.000000	44.000000	32
304	AMSOR	1429.000000	65.000000	85.000000	33
289	ARCADL	1467.000000	81.000000	42.000000	34
305	ARCADR	1449.000000	70.000000	85.000000	35
327	ARCAV	1511.000000	101.000000	66.000000	36
314	ARCPD	1489.000000	50.000000	57.000000	37
287	ARCPDL	1430.000000	74.000000	42.000000	38
303	ARCPDR	1420.900901	60.950450	76.900901	39
328	ARCPV	1482.000000	101.000000	63.000000	40
297	ARCPVL	1426.000000	94.000000	44.000000	41
306	ARCPVR	1439.000000	81.000000	84.000000	42
186	ASEL	1194.916259	67.952987	37.821254	43
147	ASER	1193.033408	63.939866	85.046771	44
191	ASGL	1192.000000	54.000000	46.000000	45
152	ASGR	1186.996644	52.004474	75.003356	46
185	ASHL	1215.000000	74.000000	40.000000	47
146	ASHR	1218.000000	66.995591	85.010287	48
172	ASIL	1177.000000	51.000000	54.000000	49
167	ASIR	1169.000000	45.000000	68.000000	50
180	ASJL	1203.000000	87.000000	41.000000	51
142	ASJR	1200.000000	79.000000	86.000000	52
3	ASKL	1219.397089	45.388773	54.093555	53
8	ASKR	1221.515679	40.594561	67.840764	54
181	AUAL	1221.927190	88.981797	40.936291	55
143	AUAR	1222.981797	81.927190	88.063709	56
194	AVAL	1251.181818	69.939394	38.727273	57
155	AVAR	1254.058252	58.922330	85.067961	58
199	AVBL	1179.000000	64.000000	49.000000	59
160	AVBR	1172.000000	60.000000	74.000000	60
187	AVDL	1171.008203	72.953020	37.902312	61
148	AVDR	1173.000000	68.000000	85.000000	62
200	AVEL	1245.000000	72.000000	48.000000	63
161	AVER	1248.000000	67.000000	78.000000	64
130	AVG	1158.030371	112.020247	63.010124	65
190	AVHL	1174.988218	54.975700	41.980118	66
151	AVHR	1175.000000	50.000000	81.000000	67
189	AVJL	1161.000000	62.000000	39.000000	68
150	AVJR	1163.086207	57.086207	81.086207	69
118	AVKL	1156.000000	96.000000	50.000000	70
123	AVKR	1160.000000	94.000000	79.000000	71
224	AVL	1213.000000	83.000000	76.000000	72
1	AWAL	1205.645429	57.764543	49.263158	73
12	AWAR	1201.553659	56.939024	73.002439	74
192	AWBL	1212.000000	56.000000	42.000000	75
153	AWBR	1207.000000	51.000000	81.000000	76
182	AWCL	1237.269804	80.075294	40.752941	77
13	AWCR	1238.492986	73.336673	84.338677	78
552	B	281.000000	93.000000	63.000000	79
259	BAGL	1300.003051	86.032799	40.964150	80
245	BAGR	1305.379464	77.258929	81.357143	81
426	BDUL	1030.000000	82.000000	40.000000	82
395	BDUR	1019.000000	80.000000	83.000000	83
428	CANL	706.000000	84.000000	39.000000	84
397	CANR	757.000000	79.000000	80.000000	85
443	CCLA	756.000000	105.000000	47.000000	86
444	CCLP	734.000733	101.997801	46.995601	87
372	CCRA	979.000000	100.000000	76.000000	88
373	CCRP	957.180863	100.058343	73.886814	89
233	CEPDL	1251.000000	45.000000	50.000000	90
232	CEPDR	1258.995521	41.989922	73.006719	91
253	CEPSHDL	1294.000000	59.000000	42.000000	92
239	CEPSHDR	1293.000000	52.000000	80.000000	93
256	CEPSHVL	1285.000000	89.000000	44.000000	94
242	CEPSHVR	1292.000000	84.000000	81.000000	95
281	CEPSODL	1344.000000	64.000000	42.000000	96
298	CEPSODR	1348.000000	57.000000	79.000000	97
290	CEPSOVL	1331.000000	100.000000	47.000000	98
272	CEPSOVR	1329.000000	92.000000	78.000000	99
267	CEPVL	1296.107366	99.913858	57.375780	100
266	CEPVR	1297.877907	97.000000	72.162791	101
135	DA1	1097.000000	113.000000	62.000000	102
25	DA2	1016.000000	112.000000	61.000000	103
24	DA3	934.000000	114.000000	59.000000	104
22	DA4	831.000000	111.000000	61.000000	105
20	DA5	712.000000	113.000000	63.000000	106
17	DA6	550.000000	111.000000	64.000000	107
14	DA7	430.005869	111.004402	60.993397	108
558	DA8	332.000000	103.000000	58.000000	109
515	DA9	326.065071	94.035901	70.103216	110
133	DB1	1131.000000	107.000000	68.000000	111
125	DB2	1193.995386	103.971165	64.092272	112
26	DB3	1038.000000	112.000000	63.000000	113
23	DB4	902.995532	115.069248	58.073716	114
21	DB5	766.000000	114.000000	62.000000	115
18	DB6	581.000000	114.000000	63.000000	116
15	DB7	461.013274	111.039823	62.993363	117
4	DD1	1134.606941	107.942696	57.902341	118
7	DD2	969.755981	113.526316	59.636364	119
5	DD3	809.259945	111.427984	59.265432	120
19	DD4	641.000000	108.000000	63.000000	121
16	DD5	487.000000	112.000000	64.000000	122
6	DD6	336.041128	95.645123	61.861340	123
554	DEP	266.000000	71.000000	61.000000	124
474	DL1	1469.000000	67.000000	44.000000	125
484	DL10	1042.000000	43.000000	45.000000	126
485	DL11	969.000000	44.000000	47.000000	127
486	DL12	917.000000	49.000000	43.000000	128
487	DL13	851.000000	46.000000	48.000000	129
488	DL14	786.000000	51.000000	45.000000	130
489	DL15	736.000000	50.000000	47.000000	131
490	DL16	640.000000	55.000000	46.000000	132
491	DL17	581.000000	57.000000	50.000000	133
492	DL18	501.000000	61.000000	51.000000	134
493	DL19	440.000000	67.000000	51.000000	135
475	DL2	1441.000000	60.000000	47.000000	136
494	DL20	395.000000	67.000000	48.000000	137
531	DL21	240.000000	72.000000	58.000000	138
476	DL3	1404.000000	53.000000	48.000000	139
477	DL4	1371.000000	57.000000	42.000000	140
478	DL5	1314.000000	38.000000	50.000000	141
479	DL6	1278.000000	48.000000	44.000000	142
480	DL7	1170.000000	36.000000	51.000000	143
482	DL8	1148.000000	39.000000	47.000000	144
483	DL9	1071.000000	39.000000	50.000000	145
340	DR1	1474.000000	59.000000	80.000000	146
349	DR10	1046.000000	39.000000	73.000000	147
350	DR11	1007.000000	39.000000	61.000000	148
351	DR12	958.000000	47.000000	72.000000	149
352	DR13	899.000000	45.000000	67.000000	150
353	DR14	843.000000	48.000000	72.000000	151
354	DR15	777.000000	47.000000	68.000000	152
355	DR16	694.000000	51.000000	71.000000	153
356	DR17	623.000000	53.000000	69.000000	154
357	DR18	553.000000	57.000000	69.000000	155
358	DR19	480.000000	61.000000	69.000000	156
341	DR2	1440.000000	51.000000	77.000000	157
359	DR20	425.000000	64.000000	67.000000	158
360	DR21	299.977401	62.943503	66.005650	159
342	DR3	1403.000000	46.000000	73.000000	160
343	DR4	1376.000000	50.000000	79.000000	161
344	DR5	1326.000000	37.000000	69.000000	162
345	DR6	1300.000000	42.000000	76.000000	163
346	DR7	1180.000000	33.000000	67.000000	164
347	DR8	1149.985884	35.985884	70.084695	165
348	DR9	1098.000000	34.000000	69.000000	166
553	DVA	282.000000	76.000000	63.000000	167
555	DVC	261.000000	87.000000	62.000000	168
108	E1D	1461.000000	59.000000	63.000000	169
94	E1VL	1466.235955	89.766542	53.078652	170
101	E1VR	1461.857981	82.913146	74.815728	171
105	E2D	1529.011211	63.015695	63.997758	172
91	E2VL	1524.000000	88.000000	59.000000	173
98	E2VR	1528.000000	88.000000	75.000000	174
109	E3D	1416.000000	60.000000	63.000000	175
95	E3VL	1436.000000	91.000000	53.000000	176
102	E3VR	1437.012987	86.853601	74.819362	177
115	EXC	1192.000000	91.000000	52.000000	178
225	EXC/DUCT	1211.000000	85.000000	53.000000	179
119	EXC/GL/L	1099.000000	105.000000	47.000000	180
124	EXC/GL/R	1111.000000	99.000000	81.000000	181
551	F	298.000000	84.000000	59.000000	182
178	FLPL	1161.000000	89.000000	40.000000	183
140	FLPR	1163.958668	82.082664	86.110218	184
112	G1	1264.000000	109.000000	64.000000	185
50	G1AL	1125.000000	60.000000	53.000000	186
49	G1AR	1123.000000	65.000000	75.000000	187
34	G1P	1069.000000	57.000000	73.000000	188
113	G2	1237.000000	103.000000	64.000000	189
35	G2L	1074.000000	89.000000	54.000000	190
36	G2R	1074.000000	91.000000	70.000000	191
234	GLRDL	1260.000000	55.000000	56.000000	192
235	GLRDR	1263.000000	51.000000	67.000000	193
207	GLRL	1262.000000	77.000000	52.000000	194
208	GLRR	1262.000000	75.000000	76.000000	195
206	GLRVL	1269.000000	86.000000	56.000000	196
205	GLRVR	1268.000000	86.000000	75.000000	197
420	H0L	1411.000000	87.000000	39.000000	198
388	H0R	1395.000000	72.000000	86.000000	199
421	H1L	1293.000000	79.000000	34.000000	200
389	H1R	1308.000000	72.000000	88.000000	201
422	H2L	1129.000000	79.000000	36.000000	202
390	H2R	1139.000000	70.000000	87.000000	203
481	HMC	1152.057272	37.985682	58.157498	204
429	HSNL	676.000000	93.000000	42.000000	205
398	HSNR	688.000000	90.000000	80.000000	206
548	HYP101	99.000000	81.000000	60.000000	207
549	HYP102	69.000000	79.000000	59.000000	208
546	HYP11	146.000000	78.000000	57.000000	209
285	HYP1L	1396.000000	70.000000	44.000000	210
302	HYP1R	1404.000000	62.000000	81.000000	211
330	HYP1V	1471.000000	101.000000	70.000000	212
288	HYP2L	1444.000000	83.000000	42.000000	213
329	HYP2V	1491.000000	99.000000	71.000000	214
312	HYP31	1522.000000	53.000000	66.000000	215
313	HYP32	1503.000000	49.000000	67.000000	216
311	HYP4D	1578.000000	68.000000	68.000000	217
325	HYP4V1	1581.000000	100.000000	71.000000	218
326	HYP4V2	1551.000000	104.000000	69.000000	219
473	HYP5L	1508.000000	81.000000	45.000000	220
339	HYP5R	1503.000000	72.000000	84.000000	221
319	HYP6D1	1466.000000	44.000000	62.000000	222
320	HYP6D2	1428.000000	48.000000	62.000000	223
321	HYP6D3	1403.000000	44.000000	60.000000	224
322	HYP6D4	1384.000000	46.000000	60.000000	225
335	HYP6V1	1441.000000	110.000000	67.000000	226
336	HYP6V2	1382.000000	111.000000	67.000000	227
543	HYP71	202.000000	97.000000	63.000000	228
544	HYP72	181.000000	91.000000	64.000000	229
424	HYP7ABLD	1057.000000	63.000000	37.000000	230
425	HYP7ABLV	1052.000000	81.000000	37.000000	231
394	HYP7ABR3	1035.000000	68.000000	86.000000	232
393	HYP7ABRD	1066.000000	59.000000	87.000000	233
392	HYP7ABRV	1065.000000	81.000000	87.000000	234
323	HYP7D1	1338.000000	41.000000	60.000000	235
324	HYP7D2	1250.000000	33.000000	58.000000	236
431	HYP7LC1	949.000000	71.000000	36.000000	237
432	HYP7LC2	846.000000	72.000000	37.000000	238
433	HYP7LC3	743.000000	75.000000	37.000000	239
434	HYP7LC4	597.000000	81.000000	40.000000	240
435	HYP7LC5	467.000000	81.000000	41.000000	241
436	HYP7LC6	315.000000	71.000000	43.000000	242
414	HYP7RC1	938.000000	71.000000	80.000000	243
415	HYP7RC2	846.000000	68.000000	80.000000	244
416	HYP7RC3	722.000000	73.000000	82.000000	245
417	HYP7RC4	600.000000	68.000000	81.000000	246
418	HYP7RC5	449.000000	77.000000	78.000000	247
419	HYP7RC6	319.000000	69.000000	78.000000	248
337	HYP7V1	1344.000000	115.000000	67.000000	249
338	HYP7V2	1308.000000	112.000000	67.000000	250
545	HYP8	151.355785	85.498099	64.498099	251
547	HYP9	116.000000	85.000000	60.000000	252
90	I1L	1403.976109	89.955631	56.083049	253
89	I1R	1403.960452	86.983051	72.954802	254
77	I2L	1363.024000	94.981714	51.097143	255
78	I2R	1369.187831	88.269841	78.634921	256
66	I3	1343.000000	59.000000	61.000000	257
53	I4	1134.000000	48.000000	61.000000	258
48	I5	1120.000000	95.000000	63.000000	259
47	I6	1116.000000	50.000000	49.000000	260
278	IL1DL	1323.000000	51.000000	52.000000	261
277	IL1DR	1322.000000	49.000000	68.000000	262
260	IL1L	1325.000000	82.000000	44.000000	263
247	IL1R	1328.080918	74.676329	80.838164	264
269	IL1VL	1315.000000	99.000000	63.000000	265
268	IL1VR	1304.000000	97.000000	64.000000	266
280	IL2DL	1345.000000	49.000000	51.000000	267
279	IL2DR	1348.000000	45.000000	70.000000	268
257	IL2L	1344.000000	80.000000	37.000000	269
243	IL2R	1352.000000	70.000000	88.000000	270
270	IL2VL	1327.136970	106.926061	61.054545	271
271	IL2VR	1332.000000	106.000000	70.000000	272
283	ILSHDL	1384.086207	67.913793	44.086207	273
301	ILSHDR	1391.000000	61.000000	81.000000	274
294	ILSHL	1384.954494	90.927190	40.954494	275
309	ILSHR	1398.000000	86.000000	84.000000	276
334	ILSHVL	1429.000000	105.000000	62.000000	277
332	ILSHVR	1438.917500	102.695000	72.188750	278
315	ILSODL	1467.179059	48.716237	56.104704	279
317	ILSODR	1473.023622	49.016873	69.023622	280
296	ILSOL	1406.904835	95.190330	46.166539	281
307	ILSOR	1417.000000	80.000000	84.000000	282
333	ILSOVL	1452.000000	106.000000	62.000000	283
331	ILSOVR	1458.000000	103.000000	72.000000	284
451	IML	367.000000	102.000000	52.000000	285
413	IMR	378.015891	93.976163	74.079455	286
464	IND2	939.000000	57.000000	60.000000	287
465	IND3	882.000000	54.000000	60.000000	288
466	IND4	812.000000	58.000000	60.000000	289
467	IND5	727.000000	61.000000	66.000000	290
468	IND6	589.000000	72.000000	64.000000	291
469	IND7	484.000000	74.000000	60.000000	292
470	IND8	416.000000	74.000000	57.000000	293
471	IND9	357.000000	73.000000	51.000000	294
452	INDL1	1000.000000	57.000000	47.000000	295
453	INDR1	989.000000	52.000000	68.000000	296
456	INV2	954.000000	97.000000	54.000000	297
457	INV3	873.000000	94.000000	64.000000	298
458	INV4	781.000000	95.000000	62.000000	299
459	INV5	694.000000	72.000000	50.000000	300
460	INV6	635.000000	85.000000	64.000000	301
461	INV7	539.000000	92.000000	62.000000	302
462	INV8	457.000000	99.000000	65.000000	303
463	INV9	376.024283	96.988962	62.988962	304
455	INVL1	1007.000000	100.000000	48.000000	305
454	INVR1	1007.000000	93.000000	71.000000	306
523	K	299.000000	71.000000	52.000000	307
556	K'	304.000000	73.000000	65.000000	308
526	LUAL	277.000000	78.000000	50.000000	309
535	LUAR	282.000000	74.939271	72.526316	310
404	M	543.000000	80.000000	79.000000	311
10	M1	1113.943028	51.888306	73.185157	312
51	M2L	1127.899881	80.733015	50.866508	313
52	M2R	1128.000000	79.989910	74.983184	314
64	M3L	1310.000000	80.000000	57.000000	315
65	M3R	1307.000000	78.000000	70.000000	316
63	M4	1305.000000	62.000000	61.000000	317
43	M5	1082.000000	64.000000	48.000000	318
80	MC1DL	1380.726552	70.182299	51.638045	319
81	MC1DR	1379.000000	68.023622	73.030371	320
82	MC1V	1373.748503	98.087425	63.966467	321
60	MC2DL	1158.000000	69.000000	55.000000	322
61	MC2DR	1154.000000	67.000000	68.000000	323
62	MC2V	1151.000000	87.000000	61.000000	324
40	MC3DL	1087.000000	54.000000	52.000000	325
41	MC3DR	1089.000000	63.000000	78.000000	326
42	MC3V	1089.000000	99.000000	63.000000	327
76	MCL	1367.312661	88.531008	55.312661	328
79	MCR	1367.000000	85.000000	71.000000	329
69	MI	1363.010352	54.991718	62.985507	330
67	NSML	1343.077454	87.901074	51.231595	331
68	NSMR	1344.000000	85.000000	76.000000	332
252	OLLL	1324.052042	68.691753	44.359488	333
238	OLLR	1326.883041	61.035088	78.941520	334
293	OLLSHL	1374.949210	86.979684	38.989842	335
310	OLLSHR	1383.000000	85.000000	84.000000	336
282	OLLSOL	1357.000000	68.000000	40.000000	337
299	OLLSOR	1361.000000	60.000000	84.000000	338
276	OLQDL	1307.000000	50.000000	50.000000	339
275	OLQDR	1305.306604	44.125000	69.636792	340
284	OLQSHDL	1378.000000	74.000000	38.000000	341
300	OLQSHDR	1378.022883	60.108696	84.058352	342
292	OLQSHVL	1360.000000	93.000000	41.000000	343
273	OLQSHVR	1362.000000	79.000000	86.000000	344
316	OLQSODL	1450.000000	52.000000	53.000000	345
318	OLQSODR	1447.178066	49.975236	68.798349	346
295	OLQSOVL	1390.000000	99.000000	46.000000	347
308	OLQSOVR	1411.000000	90.000000	81.000000	348
262	OLQVL	1306.000000	89.000000	50.000000	349
249	OLQVR	1312.000000	88.000000	78.000000	350
445	P1/2L	945.000000	101.000000	36.000000	351
407	P1/2R	947.000000	97.000000	80.000000	352
450	P11/12L	354.000000	99.000000	44.000000	353
412	P11/12R	348.217709	91.891145	79.489846	354
446	P3/4L	844.000000	97.000000	39.000000	355
408	P3/4R	847.000000	93.000000	82.000000	356
447	P5/6L	712.000000	100.000000	41.000000	357
409	P5/6R	750.000000	96.000000	80.000000	358
448	P7/8L	592.000000	101.000000	43.000000	359
410	P7/8R	604.000000	97.000000	80.000000	360
449	P9/10L	477.000000	102.000000	46.000000	361
411	P9/10R	469.000000	96.000000	80.000000	362
525	PHAL	291.000000	94.000000	55.000000	363
534	PHAR	292.000000	90.000000	72.000000	364
524	PHBL	291.000000	83.927355	48.954597	365
533	PHBR	293.126002	77.025200	73.012600	366
529	PHSHL	246.000000	84.000000	54.000000	367
538	PHSHR	244.000000	82.000000	65.000000	368
530	PLML	229.911243	91.000000	55.733728	369
539	PLMR	233.000000	91.000000	65.000000	370
83	PM1DL	1382.185819	63.092910	58.442543	371
84	PM1DR	1380.000000	62.000000	65.000000	372
85	PM1L	1382.997760	83.992161	50.010078	373
86	PM1R	1383.000000	78.959230	74.938845	374
87	PM1VL	1381.000000	95.000000	57.000000	375
88	PM1VR	1381.000000	96.000000	71.000000	376
106	PM2D1	1502.000000	62.000000	63.000000	377
107	PM2D2	1489.000000	61.000000	63.000000	378
92	PM2VL1	1500.000000	89.000000	55.000000	379
93	PM2VL2	1487.000000	89.000000	55.000000	380
99	PM2VR1	1498.000000	83.000000	75.000000	381
100	PM2VR2	1484.000000	83.000000	75.000000	382
110	PM3DL	1453.000000	65.000000	56.000000	383
111	PM3DR	1432.000000	65.000000	68.000000	384
96	PM3L	1422.000000	85.000000	53.000000	385
97	PM3R	1422.166865	80.000000	75.733015	386
104	PM3VL	1459.000000	91.000000	60.000000	387
103	PM3VR	1452.996644	88.998881	70.005593	388
70	PM4DL	1360.000000	62.000000	55.000000	389
71	PM4DR	1358.000000	59.000000	70.000000	390
72	PM4L	1360.000000	81.000000	46.000000	391
73	PM4R	1359.896424	75.844636	77.585697	392
74	PM4VL	1353.000000	97.000000	60.000000	393
75	PM4VR	1353.000000	95.000000	71.000000	394
58	PM5DL	1143.000000	57.000000	54.000000	395
59	PM5DR	1142.000000	58.000000	67.000000	396
56	PM5L	1140.000000	71.000000	51.000000	397
57	PM5R	1140.000000	73.000000	73.000000	398
54	PM5VL	1131.000000	89.000000	55.000000	399
55	PM5VR	1131.000000	89.000000	67.000000	400
44	PM6D	1111.000000	48.000000	63.000000	401
45	PM6VL	1111.000000	82.000000	48.000000	402
46	PM6VR	1111.000000	83.000000	75.000000	403
37	PM7D	1090.000000	45.000000	63.000000	404
38	PM7VL	1089.044207	83.894055	48.200457	405
39	PM7VR	1087.000000	82.000000	76.000000	406
33	PM8	1066.766389	86.933254	60.200238	407
527	PVCL	269.000000	89.000000	53.000000	408
536	PVCR	267.044577	82.968796	71.069094	409
520	PVPL	351.000000	103.000000	58.000000	410
514	PVPR	344.000000	94.000000	70.000000	411
522	PVQL	307.000000	91.000000	51.000000	412
532	PVQR	310.000000	84.000000	74.000000	413
542	PVR	193.000000	77.000000	63.000000	414
513	PVT	365.000000	102.000000	68.000000	415
440	QL	537.000000	87.000000	43.000000	416
403	QR	576.000000	88.000000	80.000000	417
550	REPD	310.006719	65.992161	57.992161	418
521	REPVL	324.000000	88.000000	51.000000	419
516	REPVR	327.000000	80.000000	73.000000	420
197	RIAL	1238.000000	54.000000	49.000000	421
159	RIAR	1238.997799	53.008804	73.003668	422
202	RIBL	1200.000000	71.000000	49.000000	423
163	RIBR	1207.000000	70.000000	78.000000	424
179	RICL	1174.000000	89.000000	40.000000	425
141	RICR	1179.000000	80.000000	86.000000	426
230	RID	1282.000000	39.000000	58.000000	427
128	RIFL	1167.000000	105.000000	59.000000	428
129	RIFR	1167.000000	102.000000	71.000000	429
131	RIGL	1149.000000	106.000000	60.000000	430
134	RIGR	1118.000000	112.000000	62.000000	431
219	RIH	1261.000000	94.000000	64.000000	432
203	RIML	1186.000000	77.000000	45.000000	433
164	RIMR	1188.000000	73.000000	78.000000	434
251	RIPL	1309.000000	70.000000	44.000000	435
237	RIPR	1312.000000	64.000000	77.000000	436
9	RIR	1236.659662	82.917327	73.786083	437
122	RIS	1176.000000	90.000000	78.000000	438
173	RIVL	1162.010262	54.928164	47.082098	439
166	RIVR	1157.000000	51.000000	75.000000	440
210	RMDDL	1263.025930	98.012401	48.959414	441
209	RMDDR	1262.112660	96.041812	80.157956	442
184	RMDL	1267.000000	84.000000	41.000000	443
145	RMDR	1270.000000	76.000000	85.000000	444
195	RMDVL	1271.000000	68.000000	39.000000	445
156	RMDVR	1274.000000	60.000000	85.000000	446
274	RMED	1304.998880	44.993281	59.011198	447
250	RMEL	1296.000000	71.000000	44.000000	448
236	RMER	1299.000000	64.000000	78.000000	449
265	RMEV	1290.832342	102.074911	65.203329	450
175	RMGL	1087.000000	89.000000	39.000000	451
137	RMGR	1128.000000	86.000000	85.000000	452
218	SAADL	1257.908096	95.030635	56.785558	453
217	SAADR	1257.000000	94.000000	73.000000	454
198	SAAVL	1257.933254	61.200238	48.766389	455
11	SAAVR	1258.372019	56.178060	74.023052	456
132	SABD	1149.000000	104.000000	72.000000	457
126	SABVL	1183.027254	110.035639	61.941300	458
127	SABVR	1180.000000	105.000000	70.000000	459
226	SIADL	1230.000000	91.000000	48.000000	460
228	SIADR	1225.000000	90.000000	81.000000	461
227	SIAVL	1217.000000	97.000000	49.000000	462
229	SIAVR	1211.000000	96.000000	75.000000	463
183	SIBDL	1254.063709	82.963595	43.936291	464
144	SIBDR	1255.989761	76.990899	85.071672	465
216	SIBVL	1247.005599	86.994401	50.989922	466
215	SIBVR	1249.000000	83.000000	79.000000	467
212	SMBDL	1235.000000	103.000000	52.000000	468
213	SMBDR	1231.078251	97.104718	75.048331	469
221	SMBVL	1242.000000	92.000000	60.000000	470
220	SMBVR	1244.021689	94.021689	70.108447	471
211	SMDDL	1250.000000	103.000000	49.000000	472
214	SMDDR	1243.000000	95.000000	81.000000	473
196	SMDVL	1249.000000	55.000000	42.000000	474
157	SMDVR	1248.010078	46.994401	79.005599	475
519	SPH	339.000000	93.000000	49.000000	476
541	TL	202.000000	84.000000	55.000000	477
540	TR	210.000000	81.000000	68.000000	478
517	U	319.986502	91.010124	61.033746	479
255	URADL	1334.000000	58.000000	46.000000	480
241	URADR	1332.000000	52.000000	77.000000	481
263	URAVL	1318.023837	96.984109	52.920545	482
264	URAVR	1313.712230	100.568345	73.136691	483
258	URBL	1322.960511	74.861789	36.861789	484
244	URBR	1332.064591	66.870819	86.080738	485
170	URXL	1238.000000	47.000000	59.000000	486
169	URXR	1242.018038	41.977452	68.040586	487
254	URYDL	1313.083958	55.070465	43.916042	488
240	URYDR	1312.000000	51.000000	79.000000	489
261	URYVL	1315.010078	91.002240	42.992161	490
248	URYVR	1326.000000	83.000000	85.000000	491
430	V1L	1004.000000	79.000000	35.000000	492
399	V1R	991.000000	80.000000	83.000000	493
437	V2L	892.000000	93.000000	36.000000	494
400	V2R	894.000000	90.000000	81.000000	495
438	V3L	788.000000	96.000000	38.000000	496
401	V3R	792.000000	89.000000	80.000000	497
439	V4L	642.042025	92.886669	41.871857	498
402	V4R	633.000000	85.000000	81.000000	499
441	V5L	504.000000	95.000000	45.000000	500
405	V5R	506.000000	90.000000	80.000000	501
442	V6L	428.000000	95.000000	44.000000	502
406	V6R	414.000000	88.000000	79.000000	503
472	VIRL	333.000000	72.000000	51.000000	504
557	VIRR	335.000000	71.000000	65.000000	505
495	VL1	1464.000000	96.000000	46.000000	506
504	VL10	1035.000000	103.000000	49.000000	507
505	VL11	959.000000	112.000000	52.000000	508
506	VL12	904.000000	106.000000	48.000000	509
507	VL13	851.000000	107.000000	55.000000	510
508	VL14	791.000000	105.000000	51.000000	511
509	VL15	732.000000	108.000000	58.000000	512
510	VL16	639.000000	101.000000	51.000000	513
511	VL17	520.000000	108.000000	60.000000	514
512	VL18	418.000000	107.000000	56.000000	515
387	VL19	254.000000	96.000000	57.000000	516
496	VL2	1440.000000	105.000000	52.000000	517
497	VL3	1408.000000	110.000000	54.000000	518
498	VL4	1363.000000	105.000000	46.000000	519
499	VL5	1320.000000	110.000000	55.000000	520
500	VL6	1293.000000	102.000000	49.000000	521
501	VL7	1193.000000	106.000000	54.000000	522
502	VL8	1128.000000	104.000000	47.000000	523
503	VL9	1079.000000	110.000000	56.000000	524
28	VPI1	1054.000000	51.000000	60.000000	525
30	VPI2DL	1059.000000	60.000000	51.000000	526
31	VPI2DR	1055.000000	64.000000	76.000000	527
32	VPI2V	1060.993281	96.010078	64.004479	528
27	VPI3D	1045.917902	58.071836	60.000000	529
29	VPI3V	1055.590377	89.508453	61.836151	530
361	VR1	1468.000000	87.000000	83.000000	531
370	VR10	1061.000000	101.000000	77.000000	532
371	VR11	979.000000	109.000000	68.000000	533
374	VR12	920.000000	105.000000	72.000000	534
375	VR13	877.002201	106.008070	71.005136	535
376	VR14	804.000000	103.000000	73.000000	536
377	VR15	762.000000	103.000000	73.000000	537
382	VR16	671.000000	96.000000	70.000000	538
383	VR17	586.000000	104.000000	72.000000	539
384	VR18	513.000000	103.000000	74.000000	540
385	VR19	422.000000	105.000000	70.000000	541
362	VR2	1436.000000	96.000000	81.000000	542
386	VR20	258.000000	96.000000	69.000000	543
363	VR3	1402.000000	101.000000	80.000000	544
364	VR4	1361.000000	95.000000	85.000000	545
365	VR5	1316.000000	104.000000	80.000000	546
366	VR6	1300.000000	95.000000	83.000000	547
367	VR7	1199.000000	105.000000	75.000000	548
368	VR8	1135.000000	99.000000	79.000000	549
369	VR9	1099.000000	106.000000	74.000000	550
114	W	1215.000000	106.000000	64.000000	551
291	XXXL	1340.000000	92.000000	42.000000	552
246	XXXR	1339.000000	81.000000	86.000000	553
518	YPDA	310.000000	104.000000	65.000000	554
378	Z1	734.000000	99.000000	71.000000	555
379	Z2	711.000000	90.000000	71.000000	556
380	Z3	686.000000	98.000000	56.000000	557
381	Z4	665.000000	100.000000	57.000000	558
