label_number	label_name	x	y	z	Aligned_No
292	ADAL	1112.802198	61.998116	88.718681	1
9	ADAR	1068.717480	69.554460	35.284443	2
288	ADEL	1121.036820	71.892473	87.317041	3
314	ADER	1127.000000	74.000000	39.000000	4
270	ADESHL	1061.377658	70.287845	84.891146	5
310	ADESHR	1053.033308	89.253292	41.814872	6
233	ADFL	1190.062954	88.779964	76.847760	7
90	ADFR	1210.430819	85.321853	52.080760	8
191	ADLL	1174.975539	102.172127	71.532092	9
427	ADLR	1187.000000	102.000000	58.000000	10
410	AFDL	1211.923788	82.847575	87.228637	11
7	AFDR	1221.017934	82.335439	34.998777	12
396	AIAL	1198.000000	53.000000	68.000000	13
108	AIAR	1193.167667	56.587716	56.556301	14
254	AIBL	1201.428139	74.551330	79.452036	15
71	AIBR	1201.208978	70.030031	49.226316	16
422	AIML	1147.000000	55.000000	71.000000	17
111	AIMR	1148.985988	58.206214	56.758453	18
296	AINL	1125.575702	87.523281	88.274437	19
551	AINR	1136.000000	90.000000	40.000000	20
421	AIYL	1149.108855	59.217709	80.489846	21
63	AIYR	1152.344687	52.745913	46.698910	22
403	AIZL	1141.000000	75.000000	83.000000	23
431	AIZR	1149.302600	72.037825	45.264775	24
413	ALA	1239.010000	101.001429	65.004286	25
224	ALML	787.631855	94.754658	77.940173	26
50	ALMR	826.149757	101.397407	44.580227	27
532	ALNL	209.942857	86.977143	74.102857	28
535	ALNR	201.000000	87.000000	59.000000	29
480	AMSHL	1070.000000	92.000000	88.000000	30
18	AMSHR	1103.627933	94.009976	35.892296	31
279	AMSOL	1400.309300	88.294932	86.409875	32
46	AMSOR	1417.021754	86.812431	45.368036	33
303	ARCADL	1439.339510	79.560218	90.283106	34
34	ARCADR	1434.488782	80.054487	41.975275	35
358	ARCAV	1486.000000	51.000000	72.000000	36
229	ARCPD	1451.466405	102.129339	76.629339	37
264	ARCPDL	1382.768369	88.065010	83.565146	38
60	ARCPDR	1400.273687	88.793720	49.582566	39
359	ARCPV	1463.966814	51.000000	71.026549	40
345	ARCPVL	1425.000000	71.000000	89.000000	41
38	ARCPVR	1425.346231	68.294472	43.414573	42
420	ASEL	1170.000000	84.000000	89.000000	43
17	ASER	1172.554211	85.254878	35.522351	44
280	ASGL	1180.032010	99.421575	85.183099	45
428	ASGR	1178.000000	97.000000	46.000000	46
295	ASHL	1191.790052	78.686813	90.779063	47
15	ASHR	1193.889988	79.912083	36.599540	48
407	ASIL	1153.978947	100.011483	75.960287	49
425	ASIR	1164.000000	100.000000	55.000000	50
305	ASJL	1167.567703	67.164384	90.394889	51
13	ASJR	1174.044085	63.872643	36.806515	52
190	ASKL	1198.962191	100.775812	73.205041	53
100	ASKR	1207.951566	101.390178	54.445371	54
298	AUAL	1185.372135	64.017267	89.847276	55
8	AUAR	1190.384687	62.221346	36.113225	56
308	AVAL	1233.125851	79.098930	91.142718	57
14	AVAR	1237.893061	77.055846	35.959601	58
404	AVBL	1152.024283	86.988962	82.988962	59
16	AVBR	1164.622144	84.433079	44.795974	60
402	AVDL	1148.898082	79.767386	90.232614	61
423	AVDR	1153.014760	79.025830	34.963100	62
255	AVEL	1224.199924	75.971927	79.632398	63
72	AVER	1222.601427	75.411825	48.595651	64
382	AVG	1115.963989	37.349030	63.304709	65
408	AVHL	1160.000000	97.000000	87.000000	66
426	AVHR	1161.000000	98.000000	42.000000	67
406	AVJL	1141.000000	92.000000	88.000000	68
424	AVJR	1150.000000	90.000000	41.000000	69
243	AVKL	1129.858366	55.445396	79.303763	70
37	AVKR	1133.315900	59.491034	43.396593	71
395	AVL	1189.964523	60.031042	75.031042	72
419	AWAL	1170.000000	90.313550	78.477416	73
434	AWAR	1195.000000	91.000000	49.000000	74
286	AWBL	1198.015430	93.193175	87.175668	75
433	AWBR	1191.772152	95.303797	40.392405	76
409	AWCL	1207.000000	69.000000	91.000000	77
3	AWCR	1207.828345	68.593165	34.263757	78
541	B	231.248349	69.669883	67.080244	79
437	BAGL	1288.055901	66.950311	87.197205	80
445	BAGR	1285.997135	63.982808	40.972779	81
259	BDUL	973.587989	76.482402	81.938268	82
24	BDUR	983.757381	76.284420	39.247296	83
276	CANL	691.377712	68.873028	85.393491	84
54	CANR	726.194152	68.436925	45.242116	85
483	CCLA	699.000000	47.000000	80.000000	86
242	CCLP	656.082019	48.915069	80.442126	87
476	CCRA	953.000000	51.000000	43.000000	88
52	CCRP	915.326048	50.188002	46.603479	89
252	CEPDL	1236.786262	100.567775	77.340153	90
99	CEPDR	1245.081346	102.676858	52.550351	91
278	CEPSHDL	1266.280033	83.375754	85.943774	92
29	CEPSHDR	1273.538528	84.467714	41.852346	93
268	CEPSHVL	1261.978413	61.096159	85.084665	94
435	CEPSHVR	1266.963705	58.897372	43.254068	95
451	CEPSODL	1324.000000	85.000000	91.000000	96
22	CEPSODR	1316.327325	88.213234	38.438998	97
241	CEPSOVL	1317.076043	49.847577	78.843876	98
457	CEPSOVR	1319.000000	47.000000	49.000000	99
176	CEPVL	1267.374798	42.142973	68.171648	100
452	CEPVR	1271.971463	45.003567	57.124851	101
140	DA1	1060.469603	38.778168	62.893272	102
137	DA2	983.647733	41.062053	62.006683	103
115	DA3	897.412559	43.106635	59.059716	104
138	DA4	788.735416	41.225090	61.889004	105
152	DA5	645.636575	35.958659	64.425016	106
156	DA6	499.477948	42.969033	63.427276	107
501	DA7	373.000000	51.000000	68.000000	108
195	DA8	277.739291	58.303545	73.498523	109
524	DA9	274.000000	61.000000	58.000000	110
381	DB1	1095.000000	35.000000	63.000000	111
162	DB2	1163.030857	36.697979	65.068542	112
136	DB3	1008.546422	38.171082	61.611785	113
141	DB4	868.837517	43.440159	61.842008	114
155	DB5	681.153019	39.507700	64.389636	115
147	DB6	525.931629	42.783042	63.738358	116
186	DB7	397.805376	48.013610	69.070772	117
380	DD1	1098.199170	41.398340	70.464730	118
126	DD2	937.390674	43.299526	59.783456	119
139	DD3	764.882377	40.957648	63.278001	120
159	DD4	576.607752	45.033555	64.740526	121
182	DD5	421.758513	48.666005	68.022985	122
525	DD6	286.931088	65.758810	67.724354	123
543	DEP	215.000000	89.000000	65.000000	124
273	DL1	1441.994297	92.291971	84.986998	125
226	DL10	990.161455	105.854690	76.302882	126
205	DL11	917.118723	107.444993	72.390421	127
192	DL12	853.536821	106.445550	74.467160	128
197	DL13	797.030641	104.424046	71.877434	129
227	DL14	731.243818	96.012520	76.943662	130
225	DL15	687.913754	97.575629	74.855929	131
228	DL16	593.274865	99.260248	75.206864	132
198	DL17	539.895221	98.969853	71.507353	133
212	DL18	452.702735	97.806919	73.598150	134
251	DL19	389.516509	97.222295	78.273292	135
265	DL2	1416.934463	97.322688	83.560400	136
256	DL20	344.990785	95.019701	80.163012	137
187	DL21	187.171516	90.086779	68.582950	138
246	DL3	1386.245004	103.873154	79.312989	139
274	DL4	1347.974754	98.430773	85.292320	140
245	DL5	1265.661924	102.825016	77.052877	141
272	DL6	1256.292589	94.337551	85.173520	142
522	DL7	1138.000000	113.000000	75.000000	143
238	DL8	1086.468777	110.978682	77.480620	144
199	DL9	1044.129690	107.532598	72.580675	145
78	DR1	1451.936000	91.905000	49.608400	146
506	DR10	1029.950037	106.234154	44.022123	147
507	DR11	968.023610	112.494288	50.129474	148
56	DR12	898.642765	107.629845	44.567506	149
508	DR13	846.853296	112.118934	52.433941	150
509	DR14	782.149285	101.723797	50.874902	151
114	DR15	732.391176	101.010504	56.622269	152
105	DR16	655.960840	97.174439	53.683161	153
510	DR17	583.659955	101.033777	55.444950	154
109	DR18	498.687381	98.472741	54.597026	155
135	DR19	426.565282	98.357276	59.240928	156
503	DR2	1424.720414	99.652959	49.915385	157
132	DR20	361.345714	94.836286	58.938286	158
511	DR21	255.925870	100.103631	60.858548	159
98	DR3	1391.411309	102.511832	52.850890	160
504	DR4	1355.148192	97.846541	45.012210	161
92	DR5	1276.782907	105.157205	52.264296	162
39	DR6	1265.135441	96.425704	44.263498	163
101	DR7	1143.934089	112.326468	52.913491	164
57	DR8	1109.391791	111.516169	46.632048	165
505	DR9	1060.303621	110.983731	51.181027	166
542	DVA	237.000000	92.000000	67.000000	167
544	DVC	225.000000	78.000000	65.000000	168
351	E1D	1429.186620	96.104460	66.873239	169
347	E1VL	1435.000000	69.000000	81.000000	170
341	E1VR	1446.000000	68.000000	55.000000	171
179	E2D	1494.285585	94.213397	67.225164	172
235	E2VL	1499.243681	68.450776	77.586696	173
128	E2VR	1504.657083	65.643333	58.621250	174
354	E3D	1396.000000	93.000000	68.000000	175
348	E3VL	1413.000000	67.000000	80.000000	176
342	E3VR	1419.000000	66.000000	54.000000	177
387	EXC	1166.321115	52.870160	65.640423	178
102	EXC/DUCT	1178.185651	61.689103	54.670118	179
240	EXC/GL/L	1059.993296	52.663744	80.241619	180
25	EXC/GL/R	1101.622767	55.372708	39.554656	181
540	F	246.000000	82.000000	69.000000	182
299	FLPL	1133.852006	65.592324	90.007607	183
432	FLPR	1141.000000	71.000000	38.000000	184
151	G1	1224.715265	36.380062	63.347352	185
222	G1AL	1118.859414	84.984102	75.898379	186
59	G1AR	1118.892723	89.578117	48.173890	187
91	G1P	1066.735469	93.162095	55.082870	188
154	G2	1206.464812	41.105228	63.637735	189
171	G2L	1071.547235	54.299539	67.952189	190
65	G2R	1069.733085	58.927924	49.525924	191
416	GLRDL	1239.000000	88.000000	73.000000	192
122	GLRDR	1241.794682	88.069882	56.975263	193
399	GLRL	1238.000000	71.000000	77.000000	194
84	GLRR	1238.755754	72.892693	50.661680	195
400	GLRVL	1239.000000	58.000000	75.000000	196
104	GLRVR	1239.823184	58.416728	54.747616	197
306	H0L	1388.988375	77.019206	92.511499	198
466	H0R	1402.000000	77.000000	40.000000	199
558	H1L	1275.000000	69.000000	93.000000	200
467	H1R	1268.000000	67.000000	35.000000	201
307	H2L	1101.371553	78.456932	91.390064	202
1	H2R	1106.118827	69.632716	31.229938	203
521	HMC	1143.325094	111.934981	64.349812	204
267	HSNL	631.408686	56.065821	83.805233	205
32	HSNR	659.654653	59.739107	41.635557	206
548	HYP101	62.000000	77.000000	65.000000	207
177	HYP102	40.664831	75.591102	66.076695	208
546	HYP11	96.000000	78.000000	70.000000	209
458	HYP1L	1363.782487	89.559398	85.335192	210
465	HYP1R	1384.000000	88.000000	46.000000	211
361	HYP1V	1453.000000	51.000000	62.000000	212
302	HYP2L	1419.645400	84.467415	89.339540	213
360	HYP2V	1473.000000	51.000000	63.000000	214
180	HYP31	1483.774011	104.817595	69.464353	215
370	HYP32	1466.301659	105.497610	64.952488	216
175	HYP4D	1526.755112	100.847967	66.934087	217
357	HYP4V1	1540.155915	56.909376	67.717420	218
172	HYP4V2	1510.597824	52.534573	66.535933	219
290	HYP5L	1482.033969	80.483959	87.340742	220
493	HYP5R	1472.175240	78.243116	45.689221	221
373	HYP6D1	1442.507368	111.311158	67.697684	222
374	HYP6D2	1378.086823	107.894499	66.426108	223
146	HYP6D3	1351.908642	108.513404	63.079189	224
169	HYP6D4	1326.549015	108.076667	66.641823	225
365	HYP6V1	1422.000000	46.000000	67.000000	226
366	HYP6V2	1361.763218	40.888573	63.164014	227
164	HYP71	142.072009	70.589365	64.860414	228
165	HYP72	122.737136	73.627443	64.722377	229
481	HYP7ABLD	1034.400918	79.559229	88.116253	230
294	HYP7ABLV	1006.806938	72.107519	87.573556	231
20	HYP7ABR3	932.628925	83.726451	36.343958	232
6	HYP7ABRD	1040.855016	76.830525	33.325431	233
468	HYP7ABRV	1016.253639	75.265957	33.336786	234
378	HYP7D1	1292.748618	100.546648	66.717865	235
379	HYP7D2	1209.141233	110.352741	65.313395	236
261	HYP7LC1	913.156933	88.915546	82.336134	237
271	HYP7LC2	832.300618	89.751434	83.861932	238
484	HYP7LC3	708.805750	82.574535	86.974873	239
485	HYP7LC4	526.795661	81.428756	81.073834	240
289	HYP7LC5	415.764248	81.824665	85.322952	241
486	HYP7LC6	244.474694	92.301012	80.301012	242
23	HYP7RC1	878.887267	87.989947	36.495931	243
30	HYP7RC2	808.127089	85.297695	39.325072	244
475	HYP7RC3	686.739755	79.444343	41.968502	245
47	HYP7RC4	544.371141	88.060403	40.962416	246
474	HYP7RC5	402.353231	83.521954	51.232363	247
473	HYP7RC6	258.096064	89.096064	49.526905	248
367	HYP7V1	1320.835192	33.380139	64.721603	249
557	HYP7V2	1334.000000	64.000000	34.000000	250
545	HYP8	100.435437	70.237985	63.346844	251
547	HYP9	74.000000	70.000000	63.000000	252
231	I1L	1383.248211	64.168909	75.271686	253
120	I1R	1386.993231	64.222190	57.289288	254
331	I2L	1345.485618	61.485618	80.285956	255
326	I2R	1343.856410	62.634188	48.668376	256
167	I3	1321.868609	89.941160	67.631534	257
168	I4	1124.870880	102.334442	65.617780	258
118	I5	1115.627727	56.211268	59.436344	259
237	I6	1105.074030	96.503702	76.618596	260
448	IL1DL	1297.000000	92.000000	77.000000	261
376	IL1DR	1295.386461	86.554413	59.179092	262
438	IL1L	1310.000000	65.000000	85.000000	263
33	IL1R	1309.488171	63.662779	42.202599	264
453	IL1VL	1281.000000	43.000000	62.000000	265
454	IL1VR	1302.166468	42.970273	62.240190	266
449	IL2DL	1318.826189	90.173811	83.752923	267
450	IL2DR	1322.000000	95.000000	49.000000	268
322	IL2L	1335.985240	71.996310	92.044280	269
10	IL2R	1321.845034	75.088924	35.571676	270
369	IL2VL	1313.000000	42.000000	69.000000	271
368	IL2VR	1320.024764	39.821934	57.201651	272
461	ILSHDL	1339.000000	87.000000	86.000000	273
464	ILSHDR	1370.000000	87.000000	48.000000	274
287	ILSHL	1377.606987	66.458879	86.818413	275
42	ILSHR	1378.071303	61.710573	45.122234	276
364	ILSHVL	1432.051977	50.020339	72.027119	277
362	ILSHVR	1409.000000	48.000000	59.000000	278
230	ILSODL	1430.436428	102.736655	75.531220	279
371	ILSODR	1435.525554	105.367406	60.051109	280
301	ILSOL	1406.103510	72.732897	88.944676	281
462	ILSOR	1408.022895	65.959380	46.022895	282
148	ILSOVL	1446.077083	50.136250	68.648750	283
363	ILSOVR	1432.015695	50.006726	60.991031	284
218	IML	315.776076	63.004889	77.580183	285
549	IMR	323.000000	65.000000	53.000000	286
113	IND2	932.473161	99.272917	56.258801	287
489	IND3	865.903199	98.649174	60.631612	288
158	IND4	786.845909	91.562315	62.787198	289
130	IND5	704.653108	79.293681	59.147608	290
185	IND6	569.542415	84.464273	66.842661	291
178	IND7	467.034174	84.180952	65.115406	292
490	IND8	373.637179	84.748356	68.158099	293
223	IND9	321.527039	91.387898	74.898275	294
488	INDL1	991.414671	94.246756	75.227545	295
79	INDR1	992.954674	97.429189	49.651683	296
160	INV2	923.010300	58.442898	68.174738	297
127	INV3	845.284006	61.309417	60.832399	298
161	INV4	759.603223	57.552224	65.471236	299
202	INV5	663.002715	72.272624	72.003846	300
133	INV6	613.001786	73.891071	59.329762	301
149	INV7	521.026730	64.200472	61.958726	302
491	INV8	412.286566	60.961394	66.698996	303
492	INV9	322.000000	67.000000	67.000000	304
183	INVL1	986.212159	56.517533	71.550837	305
64	INVR1	985.248704	55.843069	48.254580	306
538	K	252.112791	88.112791	76.127907	307
537	K'	256.000000	87.000000	60.000000	308
530	LUAL	227.000000	81.000000	77.000000	309
97	LUAR	222.682808	81.937249	53.564183	310
471	M	520.259026	78.949527	50.499474	311
85	M1	1106.253531	100.268832	51.918550	312
211	M2L	1126.113824	68.286107	74.803301	313
313	M2R	1125.881720	73.021505	49.451613	314
201	M3L	1303.324162	57.657179	71.248893	315
112	M3R	1303.327075	60.954270	56.023622	316
166	M4	1299.690708	77.028982	67.048894	317
312	M5	1077.092900	92.000000	75.843656	318
334	MC1DL	1359.828818	83.793103	76.630542	319
335	MC1DR	1359.820941	85.283763	54.104704	320
333	MC1V	1360.000000	56.000000	63.000000	321
317	MC2DL	1164.944952	84.208206	69.581962	322
123	MC2DR	1155.022632	88.183916	58.386728	323
144	MC2V	1158.685350	70.298665	62.486240	324
244	MC3DL	1083.846803	81.131881	80.356758	325
49	MC3DR	1082.844965	88.705388	45.847693	326
116	MC3V	1084.144464	50.848832	59.703503	327
332	MCL	1348.000000	64.000000	74.000000	328
325	MCR	1349.353169	68.353169	54.424321	329
319	MI	1337.000000	97.000000	66.000000	330
216	NSML	1328.592372	60.583731	75.422229	331
67	NSMR	1327.704545	62.709152	48.828624	332
439	OLLL	1307.000000	80.000000	81.000000	333
554	OLLR	1305.000000	76.000000	46.000000	334
297	OLLSHL	1363.657366	67.711682	88.220610	335
19	OLLSHR	1381.652493	73.972979	37.764349	336
460	OLLSOL	1348.010078	82.995521	92.006719	337
27	OLLSOR	1343.737952	87.431786	39.810773	338
447	OLQDL	1281.000000	91.000000	78.000000	339
377	OLQDR	1286.850496	92.065599	54.074752	340
459	OLQSHDL	1366.000000	84.000000	92.000000	341
463	OLQSHDR	1366.929717	80.862490	39.812070	342
323	OLQSHVL	1349.000000	68.000000	89.000000	343
21	OLQSHVR	1364.928477	68.552125	39.275798	344
204	OLQSODL	1405.480644	102.641424	73.130263	345
372	OLQSODR	1414.809204	104.815174	59.875622	346
263	OLQSOVL	1392.233622	62.945581	86.314385	347
43	OLQSOVR	1392.176771	61.527311	45.447179	348
556	OLQVL	1285.000000	60.000000	79.000000	349
82	OLQVR	1284.553750	54.326561	50.332102	350
269	P1/2L	904.199406	61.028552	83.746460	351
12	P1/2R	898.140447	58.683623	35.672457	352
550	P11/12L	291.000000	61.000000	82.000000	353
479	P11/12R	286.544904	67.092011	49.289256	354
281	P3/4L	806.696105	62.252295	85.657901	355
478	P3/4R	806.005749	61.283127	39.695315	356
291	P5/6L	695.674046	56.343511	88.068193	357
35	P5/6R	697.524352	56.076684	41.760363	358
257	P7/8L	544.606153	58.357600	80.468169	359
36	P7/8R	563.721519	57.365190	41.647785	360
234	P9/10L	418.006893	60.354885	81.264797	361
88	P9/10R	425.349187	60.766493	50.439092	362
220	PHAL	239.438138	65.637436	76.822066	363
534	PHAR	229.940685	65.756057	56.370927	364
236	PHBL	238.267168	77.851725	80.174240	365
89	PHBR	236.175342	78.818680	52.178331	366
533	PHSHL	199.000000	78.000000	71.000000	367
536	PHSHR	192.000000	79.000000	61.000000	368
184	PLML	164.677594	71.394335	70.030872	369
129	PLMR	178.118011	71.897342	59.505041	370
337	PM1DL	1357.000000	92.000000	67.000000	371
336	PM1DR	1361.280255	89.859873	59.509554	372
330	PM1L	1364.156849	69.853546	76.351120	373
328	PM1R	1366.000000	73.000000	53.000000	374
210	PM1VL	1363.680588	56.508121	71.495746	375
329	PM1VR	1364.374159	61.448183	56.457604	376
349	PM2D1	1470.000000	95.000000	68.000000	377
350	PM2D2	1451.000000	94.000000	68.000000	378
343	PM2VL1	1472.000000	70.000000	79.000000	379
344	PM2VL2	1457.061460	70.161332	78.414853	380
338	PM2VR1	1483.000000	68.000000	56.000000	381
339	PM2VR2	1467.000000	68.000000	56.000000	382
352	PM3DL	1420.000000	91.000000	73.000000	383
353	PM3DR	1407.067756	89.980778	62.969726	384
356	PM3L	1397.851707	72.888360	75.200056	385
355	PM3R	1401.060269	72.555661	57.390688	386
346	PM3VL	1427.935917	64.961252	72.926230	387
340	PM3VR	1433.997617	63.996187	59.992374	388
320	PM4DL	1340.352566	90.569669	74.601824	389
318	PM4DR	1331.117732	90.811199	57.043431	390
324	PM4L	1340.000000	73.000000	81.000000	391
58	PM4R	1339.663423	77.055961	49.128143	392
193	PM4VL	1343.748246	51.447807	70.039912	393
117	PM4VR	1341.635334	53.666495	56.824363	394
196	PM5DL	1139.346851	94.085714	70.498310	395
124	PM5DR	1136.419562	98.466409	58.892921	396
209	PM5L	1137.892703	79.402288	72.586889	397
552	PM5R	1136.000000	87.000000	52.000000	398
316	PM5VL	1132.000000	64.000000	65.000000	399
315	PM5VR	1132.000000	66.266234	55.935065	400
181	PM6D	1106.758254	102.041130	65.512031	401
208	PM6VL	1109.954881	65.290594	74.702014	402
55	PM6VR	1109.275139	69.937342	46.792067	403
150	PM7D	1081.901370	102.834141	64.551317	404
217	PM7VL	1087.227537	62.702354	76.094660	405
44	PM7VR	1085.538576	67.042285	44.857072	406
119	PM8	1061.146674	61.426379	62.096077	407
531	PVCL	215.000000	71.000000	76.000000	408
103	PVCR	210.146693	75.752859	54.761561	409
526	PVPL	299.000000	57.000000	73.000000	410
523	PVPR	292.122982	66.000000	57.754035	411
250	PVQL	256.225465	72.814020	80.662661	412
95	PVQR	250.281250	72.221023	52.669034	413
157	PVR	148.746284	84.840203	63.583446	414
143	PVT	308.709531	59.638124	61.847201	415
283	QL	488.492063	62.928571	82.690476	416
45	QR	543.018586	69.906074	43.386326	417
539	REPD	260.000000	94.000000	69.000000	418
232	REPVL	273.742433	74.713075	78.671308	419
96	REPVR	274.123908	77.965306	54.291716	420
417	RIAL	1214.714286	88.857143	77.785714	421
31	RIAR	1210.141721	93.363288	40.681202	422
258	RIBL	1178.958939	73.330385	80.567909	423
68	RIBR	1181.538318	76.572586	47.852960	424
401	RICL	1147.978610	66.149733	89.192513	425
4	RICR	1151.716435	62.044011	35.531755	426
145	RID	1261.266691	103.328737	64.021408	427
386	RIFL	1131.000000	42.000000	69.000000	428
384	RIFR	1124.995598	43.000734	57.991196	429
383	RIGL	1115.000000	43.000000	71.000000	430
153	RIGR	1077.636688	37.553880	65.761174	431
390	RIH	1225.000000	52.000000	63.000000	432
249	RIML	1159.370488	73.794109	79.704014	433
53	RIMR	1163.995527	69.345687	46.598722	434
440	RIPL	1289.005599	75.989922	80.994401	435
553	RIPR	1287.000000	71.000000	52.000000	436
219	RIR	1212.171695	64.675287	76.053161	437
62	RIS	1137.224454	46.879185	48.678020	438
405	RIVL	1135.868928	100.209715	81.842714	439
74	RIVR	1147.219750	99.465229	48.352225	440
253	RMDDL	1234.183180	47.111751	79.867512	441
388	RMDDR	1229.000000	47.938845	48.959230	442
304	RMDL	1238.877871	63.434925	88.188844	443
26	RMDR	1237.092584	60.721798	39.973933	444
300	RMDVL	1251.568017	76.399249	89.859673	445
5	RMDVR	1253.690757	78.148831	35.455072	446
375	RMED	1279.501239	91.890999	62.214699	447
441	RMEL	1273.000000	70.243363	81.814159	448
555	RMER	1275.000000	73.000000	46.000000	449
125	RMEV	1256.677477	39.971772	60.761862	450
293	RMGL	1091.566265	64.737559	88.696700	451
2	RMGR	1071.983572	84.125868	33.748496	452
207	SAADL	1227.050060	54.385876	73.006555	453
389	SAADR	1229.142169	57.180723	54.718072	454
415	SAAVL	1235.588235	84.588235	80.960784	455
430	SAAVR	1241.000000	91.000000	44.000000	456
106	SABD	1104.599590	40.374040	55.736815	457
163	SABVL	1148.814940	40.672673	65.769144	458
385	SABVR	1138.063709	39.981797	60.927190	459
394	SIADL	1197.046771	54.966592	84.060134	460
397	SIADR	1199.942715	54.400996	45.713574	461
247	SIAVL	1177.778868	51.254171	80.273144	462
69	SIAVR	1183.961551	48.565203	48.226210	463
411	SIBDL	1225.127273	66.212121	90.296970	464
11	SIBDR	1224.748286	65.517844	35.732215	465
412	SIBVL	1222.000000	61.000000	83.000000	466
77	SIBVR	1218.221098	62.494745	49.963799	467
393	SMBDL	1201.098689	45.776407	77.941403	468
398	SMBDR	1201.000000	47.000000	51.000000	469
392	SMBVL	1213.000000	50.000000	71.000000	470
107	SMBVR	1209.248408	56.614650	57.395966	471
391	SMDDL	1217.345361	47.827320	79.690722	472
61	SMDDR	1214.476242	48.246874	47.052876	473
418	SMDVL	1223.000000	93.000000	84.000000	474
429	SMDVR	1228.000000	92.000000	49.000000	475
527	SPH	289.000000	73.000000	76.000000	476
203	TL	179.990388	79.734638	73.313423	477
121	TR	164.252202	81.421315	57.776864	478
174	U	265.362544	66.989449	68.796307	479
443	URADL	1297.000000	87.866044	86.313863	480
73	URADR	1306.538288	86.290822	51.515203	481
456	URAVL	1292.000000	42.000000	68.000000	482
455	URAVR	1297.000000	44.000000	54.000000	483
436	URBL	1311.048313	74.091258	91.180215	484
444	URBR	1299.797010	73.919748	37.673485	485
189	URXL	1217.979843	98.143617	69.949328	486
414	URXR	1224.955034	99.106061	59.152493	487
442	URYDL	1283.029301	84.920361	87.126221	488
446	URYDR	1295.000000	87.000000	47.000000	489
275	URYVL	1300.123355	56.384046	83.607730	490
48	URYVR	1299.890966	54.486760	44.782710	491
285	V1L	953.914273	74.959829	86.376571	492
469	V1R	959.276141	75.931160	35.619035	493
277	V2L	860.128591	69.686959	85.039672	494
477	V2R	852.945770	66.286063	35.736171	495
282	V3L	744.240715	62.285420	86.973636	496
28	V3R	747.599325	61.175019	40.515451	497
284	V4L	593.550523	66.361872	85.634644	498
470	V4R	610.726625	63.453820	40.922178	499
260	V5L	450.707670	66.984956	81.910324	500
472	V5R	464.292453	65.262893	45.381761	501
482	V6L	351.299550	67.194742	85.636112	502
94	V6R	364.901544	65.721042	50.566602	503
528	VIRL	280.991170	90.006623	74.026490	504
529	VIRR	285.000000	87.000000	63.000000	505
512	VL1	1456.000000	67.000000	89.000000	506
515	VL10	1010.232079	45.437189	76.908919	507
516	VL11	926.473619	45.607678	69.539725	508
214	VL12	866.304748	53.209048	76.587870	509
206	VL13	798.947397	45.632045	74.028717	510
517	VL14	746.511652	47.322906	78.831829	511
518	VL15	668.945586	42.192368	72.853240	512
215	VL16	584.207574	53.417391	75.811220	513
519	VL17	456.669949	51.424649	73.480155	514
194	VL18	351.147976	54.076311	72.459190	515
520	VL19	194.000000	64.000000	70.000000	516
513	VL2	1425.813776	51.259533	83.248216	517
239	VL3	1379.680052	47.491451	78.618135	518
266	VL4	1335.849595	51.029588	84.868968	519
514	VL5	1280.378514	44.535141	76.915161	520
262	VL6	1260.544347	49.693297	83.225457	521
213	VL7	1158.540465	42.305766	77.003541	522
248	VL8	1103.608423	47.010454	80.359020	523
200	VL9	1045.998225	44.094852	73.819427	524
131	VPI1	1049.109545	94.585806	61.072700	525
221	VPI2DL	1050.194042	74.743099	76.156054	526
311	VPI2DR	1052.000000	81.000000	48.000000	527
110	VPI2V	1054.046528	52.372909	60.401100	528
134	VPI3D	1042.036754	83.592601	65.767542	529
309	VPI3V	1046.036496	57.271660	59.162488	530
66	VR1	1437.269657	59.116431	46.376008	531
40	VR10	1036.932382	45.708747	43.319479	532
76	VR11	948.013802	43.555044	50.379231	533
496	VR12	887.029800	49.400622	45.154185	534
70	VR13	844.411565	48.748125	48.713041	535
497	VR14	775.173098	46.097023	49.347960	536
498	VR15	704.728000	45.431467	52.413867	537
499	VR16	614.150176	49.491422	51.322679	538
81	VR17	529.902317	49.325293	50.818008	539
500	VR18	460.706053	53.022299	53.167680	540
142	VR19	358.134777	54.802916	60.248785	541
87	VR2	1423.620968	51.332111	49.044721	542
502	VR20	199.488914	64.000000	60.119955	543
86	VR3	1384.466814	46.798949	51.233960	544
41	VR4	1343.404231	49.838364	43.339069	545
494	VR5	1286.000000	39.000000	51.000000	546
495	VR6	1267.000000	46.000000	45.000000	547
80	VR7	1161.082064	40.680835	51.682555	548
51	VR8	1112.097207	45.480397	45.536251	549
75	VR9	1068.038615	41.256034	49.745855	550
170	W	1180.989851	39.312095	67.000000	551
321	XXXL	1324.000000	65.000000	88.000000	552
327	XXXR	1349.091295	68.863765	38.091295	553
173	YPDA	257.214080	54.785560	65.903017	554
83	Z1	675.706351	51.564079	51.140451	555
93	Z2	653.976000	53.800407	55.102508	556
487	Z3	624.214388	50.615163	69.350747	557
188	Z4	602.090384	54.404971	72.134070	558
