label_number	label_name	x	y	z	Aligned_No
320	ADAL	1242.573141	67.883138	98.628984	1
2	ADAR	1249.546636	65.695419	38.591003	2
321	ADEL	1255.147083	76.779652	98.006082	3
3	ADER	1262.372308	76.933400	40.241362	4
282	ADESHL	1175.781485	78.937280	91.217010	5
24	ADESHR	1199.470157	72.240465	45.619263	6
265	ADFL	1345.660547	82.590483	86.238666	7
26	ADFR	1347.970020	84.629580	46.945037	8
214	ADLL	1325.533784	100.623157	76.422297	9
131	ADLR	1328.611840	98.590260	63.438612	10
307	AFDL	1355.045748	78.860608	96.313786	11
12	AFDR	1360.620655	77.262566	42.795449	12
465	AIAL	1326.000000	54.000000	76.000000	13
137	AIAR	1325.524809	51.557393	64.701308	14
262	AIBL	1340.769774	66.615385	86.056809	15
81	AIBR	1346.316154	70.007836	55.569620	16
371	AIML	1281.000000	51.000000	84.000000	17
133	AIMR	1285.257568	50.304443	62.028320	18
445	AINL	1270.000000	83.000000	98.000000	19
8	AINR	1275.874904	85.721529	41.353885	20
372	AIYL	1272.000000	54.000000	92.000000	21
40	AIYR	1283.141266	52.118446	49.176039	22
451	AIZL	1282.870740	73.155112	92.844888	23
460	AIZR	1286.000000	74.000000	48.000000	24
202	ALA	1377.488794	105.044822	73.927357	25
280	ALML	890.963115	100.798725	91.311248	26
49	ALMR	871.923493	98.628531	50.414548	27
207	ALNL	240.578900	86.785092	78.552149	28
129	ALNR	231.793796	85.051360	63.656242	29
330	AMSHL	1266.000000	98.000000	96.000000	30
344	AMSHR	1255.000000	97.000000	42.000000	31
278	AMSOL	1558.919618	86.091434	89.688269	32
51	AMSOR	1561.564960	83.947379	50.653477	33
306	ARCADL	1587.667623	71.851985	95.604256	34
34	ARCADR	1584.994316	80.404000	47.803789	35
507	ARCAV	1658.000000	50.000000	72.000000	36
123	ARCPD	1625.035114	99.365823	61.980847	37
275	ARCPDL	1540.112557	91.997579	88.885628	38
78	ARCPDR	1543.529569	89.962521	55.674617	39
508	ARCPV	1627.000000	50.000000	74.000000	40
505	ARCPVL	1568.000000	64.000000	91.000000	41
503	ARCPVR	1575.000000	69.000000	51.000000	42
299	ASEL	1313.474986	83.613547	95.998876	43
14	ASER	1312.597807	80.608114	41.566447	44
271	ASGL	1320.085793	95.086580	89.244392	45
68	ASGR	1321.659637	89.206807	54.884203	46
313	ASHL	1333.692582	77.447253	97.723077	47
7	ASHR	1333.769770	75.448248	40.278078	48
221	ASIL	1311.503662	96.765618	80.490306	49
456	ASIR	1311.000000	102.000000	63.000000	50
443	ASJL	1310.000000	65.000000	96.000000	51
9	ASJR	1311.101530	62.065343	41.756824	52
210	ASKL	1345.900720	96.523695	78.431614	53
117	ASKR	1349.058025	94.401235	63.081481	54
310	AUAL	1328.281976	62.157543	96.649933	55
6	AUAR	1329.035184	60.135983	40.264169	56
322	AVAL	1374.219777	76.115003	98.290143	57
19	AVAR	1378.368843	79.774569	43.503033	58
449	AVBL	1298.000000	88.000000	87.000000	59
39	AVBR	1301.037674	86.161343	51.389844	60
446	AVDL	1297.000000	81.000000	98.000000	61
4	AVDR	1293.167310	80.864865	38.185972	62
270	AVEL	1365.117492	70.131353	87.287789	63
82	AVER	1368.978723	72.821344	56.944951	64
395	AVG	1215.045067	41.000000	67.594397	65
291	AVHL	1304.560306	95.136948	93.422315	66
454	AVHR	1310.000000	96.000000	48.000000	67
301	AVJL	1284.745183	88.003654	96.611296	68
458	AVJR	1290.000000	93.000000	46.000000	69
267	AVKL	1249.966176	47.957983	89.916807	70
30	AVKR	1249.087104	50.179520	48.040790	71
56	AVL	1333.611352	53.120475	52.499855	72
448	AWAL	1330.000000	86.000000	84.000000	73
459	AWAR	1340.000000	84.000000	58.000000	74
447	AWBL	1337.039548	89.016949	92.045198	75
455	AWBR	1333.000000	89.000000	48.000000	76
326	AWCL	1348.280639	65.146841	99.708792	77
5	AWCR	1350.355425	64.886925	39.457208	78
553	B	262.000000	64.000000	72.000000	79
476	BAGL	1428.836151	75.409623	95.491547	80
496	BAGR	1430.997760	72.010078	48.992161	81
290	BDUL	1091.734171	76.142015	93.562164	82
29	BDUR	1093.675014	74.095993	47.625765	83
289	CANL	747.155872	69.877817	92.972954	84
37	CANR	774.422563	70.427678	48.906792	85
203	CCLA	829.005766	44.786675	75.873799	86
378	CCLP	774.000000	57.000000	89.000000	87
65	CCRA	1052.892012	52.807939	54.799310	88
111	CCRP	1033.777200	48.004213	61.906072	89
247	CEPDL	1379.161581	96.874087	84.787280	90
106	CEPDR	1377.817050	100.863825	60.834025	91
274	CEPSHDL	1424.041096	94.355846	89.033450	92
62	CEPSHDR	1420.053480	96.190436	53.532258	93
288	CEPSHVL	1413.767768	64.203170	92.505152	94
44	CEPSHVR	1415.778445	61.939510	50.632261	95
487	CEPSODL	1475.000000	88.000000	91.000000	96
48	CEPSODR	1464.000712	92.451957	51.151957	97
268	CEPSOVL	1452.013866	56.781446	90.577748	98
80	CEPSOVR	1455.066058	56.693455	56.084932	99
234	CEPVL	1421.676022	54.906650	83.454240	100
479	CEPVR	1422.000000	53.000000	65.000000	101
161	DA1	1153.234346	43.903545	71.720764	102
191	DA2	1092.283186	40.814989	74.777102	103
171	DA3	989.417427	42.198705	73.486017	104
179	DA4	872.698321	43.666906	74.379137	105
187	DA5	725.439655	40.037798	74.111074	106
195	DA6	570.451348	47.414184	74.571348	107
197	DA7	431.048609	48.178504	75.559006	108
547	DA8	309.000000	59.000000	82.000000	109
113	DA9	305.767699	57.264258	62.116273	110
393	DB1	1191.000000	38.000000	70.000000	111
154	DB2	1270.023759	33.724400	70.301734	112
162	DB3	1120.917482	42.361974	72.670566	113
192	DB4	957.651977	41.339598	74.970512	114
170	DB5	778.528237	41.807758	72.699943	115
205	DB6	598.285537	45.280571	76.837058	116
198	DB7	457.426418	46.143814	75.326872	117
189	DD1	1196.009364	50.123213	76.166092	118
329	DD2	1043.005650	41.977401	72.943503	119
194	DD3	852.709335	43.882298	76.390884	120
193	DD4	663.956497	42.933295	75.438225	121
196	DD5	493.183022	44.327514	75.384106	122
549	DD6	318.000000	61.000000	73.000000	123
159	DEP	247.950253	88.304468	69.124367	124
383	DL1	1604.821382	90.488266	89.378314	125
389	DL10	1105.889542	114.700000	83.272549	126
390	DL11	1050.040704	112.716172	83.026623	127
255	DL12	962.871638	109.362785	86.017024	128
557	DL13	903.672217	109.024322	82.765575	129
232	DL14	838.863181	108.168875	84.462213	130
391	DL15	779.093678	105.499895	82.062172	131
242	DL16	687.232868	100.398536	82.893324	132
527	DL17	612.486698	103.581473	79.656295	133
209	DL18	514.653167	100.200612	78.686602	134
208	DL19	453.022070	98.571466	78.061745	135
260	DL2	1570.996102	98.627544	85.910567	136
392	DL20	395.652248	98.816794	76.580153	137
165	DL21	220.339752	87.806052	72.140303	138
384	DL3	1528.887368	102.926316	84.720263	139
385	DL4	1467.984287	97.020202	92.002245	140
243	DL5	1411.088551	104.852415	83.533691	141
386	DL6	1398.730884	96.387600	91.728588	142
212	DL7	1292.937500	109.417254	75.048856	143
387	DL8	1205.744840	106.994777	86.245959	144
388	DL9	1175.566782	112.799787	80.495601	145
61	DR1	1604.071121	90.130691	53.261608	146
55	DR10	1168.803397	108.261655	51.603542	147
523	DR11	1093.271299	117.682673	61.427528	148
524	DR12	1027.573051	107.675947	53.133185	149
124	DR13	954.177745	114.859714	63.077488	150
525	DR14	887.084364	107.267447	57.078401	151
108	DR15	832.832055	109.748631	60.957649	152
526	DR16	743.367798	100.276686	57.432336	153
101	DR17	665.805000	98.411500	58.620750	154
119	DR18	579.046253	102.996641	60.909819	155
116	DR19	481.597730	97.031773	61.156596	156
84	DR2	1572.528160	97.741020	55.223725	157
528	DR20	411.000000	100.000000	63.000000	158
538	DR21	291.000000	90.000000	65.000000	159
520	DR3	1530.094127	104.045621	60.308338	160
70	DR4	1486.089884	100.031741	53.681104	161
107	DR5	1416.073285	106.293141	59.387365	162
521	DR6	1391.774771	100.050101	52.488929	163
522	DR7	1290.487751	108.651554	60.758318	164
71	DR8	1250.112748	109.626968	52.792788	165
93	DR9	1201.456916	111.089002	58.389172	166
158	DVA	267.841004	87.111775	70.773461	167
183	DVC	256.948496	73.563355	71.746582	168
425	E1D	1592.000000	94.000000	71.000000	169
442	E1VL	1613.000000	64.000000	82.000000	170
437	E1VR	1605.292000	68.388000	58.429333	171
174	E2D	1667.452002	88.934031	71.706779	172
434	E2VL	1676.663261	64.188913	78.484130	173
114	E2VR	1676.984772	65.958968	60.809010	174
424	E3D	1551.000000	96.000000	71.000000	175
431	E3VL	1580.000000	66.000000	83.000000	176
436	E3VR	1580.116959	65.929825	59.187135	177
369	EXC	1298.000000	53.000000	75.000000	178
370	EXC/DUCT	1310.000000	60.000000	77.000000	179
374	EXC/GL/L	1217.000000	50.000000	89.000000	180
54	EXC/GL/R	1197.022146	56.940809	51.573183	181
164	F	281.677289	77.186899	71.570056	182
315	FLPL	1268.061664	68.647749	98.648295	183
1	FLPR	1271.225826	66.838639	38.094895	184
153	G1	1361.713874	33.178571	71.320604	185
253	G1AL	1270.039913	83.462426	84.828500	186
79	G1AR	1268.712612	85.387633	55.926723	187
105	G1P	1220.144543	96.323385	60.557016	188
400	G2	1324.000000	41.000000	72.000000	189
199	G2L	1210.560770	60.418291	77.486643	190
402	G2R	1213.000000	64.000000	60.000000	191
225	GLRDL	1386.549418	90.604660	78.464111	192
140	GLRDR	1386.464600	93.879346	65.962296	193
470	GLRL	1378.000000	65.000000	86.000000	194
103	GLRR	1381.447871	67.621522	57.183708	195
469	GLRVL	1385.007839	57.992161	79.993281	196
112	GLRVR	1385.456833	57.984816	61.115835	197
317	H0L	1534.889001	73.186745	98.258461	198
23	H0R	1528.514149	74.587902	44.469756	199
328	H1L	1405.657029	70.601787	102.798778	200
13	H1R	1410.085459	76.598214	39.750000	201
331	H2L	1202.687342	79.396723	98.252194	202
345	H2R	1237.000000	82.000000	37.000000	203
558	HMC	1273.891238	114.660362	71.834492	204
277	HSNL	696.050287	66.613506	89.804885	205
53	HSNR	722.176981	52.594918	52.665471	206
184	HYP101	74.591454	76.578336	71.091454	207
190	HYP102	45.038793	76.567050	71.053640	208
206	HYP11	117.837940	77.956077	75.686482	209
308	HYP1L	1526.674135	87.288633	96.213839	210
52	HYP1R	1526.622300	89.038821	51.524518	211
134	HYP1V	1618.980184	50.078984	63.803517	212
298	HYP2L	1569.338550	77.419927	95.637715	213
513	HYP2V	1641.000000	49.000000	66.000000	214
167	HYP31	1658.383143	99.333913	70.709349	215
175	HYP32	1640.935061	100.499443	73.564939	216
200	HYP4D	1720.928370	92.965704	73.436944	217
506	HYP4V1	1726.795539	58.120942	73.186865	218
163	HYP4V2	1689.311591	50.677147	70.011497	219
286	HYP5L	1648.773293	75.203941	90.976277	220
47	HYP5R	1642.538431	74.590260	48.773127	221
494	HYP6D1	1606.889578	108.331266	71.668734	222
185	HYP6D2	1555.147448	107.869187	72.837807	223
186	HYP6D3	1511.371208	106.766961	72.066464	224
177	HYP6D4	1487.622576	108.400266	72.669057	225
491	HYP6V1	1602.210191	43.579618	69.649682	226
490	HYP6V2	1530.245635	42.211058	72.263780	227
530	HYP71	170.264626	63.917347	72.400000	228
529	HYP72	150.226087	68.341399	72.972779	229
332	HYP7ABLD	1124.448265	84.282119	97.208587	230
324	HYP7ABLV	1157.874650	77.062757	97.909735	231
25	HYP7ABR3	1112.342629	87.919821	44.131225	232
20	HYP7ABRD	1170.124609	85.095983	41.302141	233
21	HYP7ABRV	1138.978736	71.683769	43.614709	234
493	HYP7D1	1449.282968	115.628938	73.735184	235
492	HYP7D2	1348.777420	109.263429	73.535864	236
339	HYP7LC1	1010.717923	87.307209	95.951554	237
314	HYP7LC2	922.236289	87.050575	95.866831	238
340	HYP7LC3	766.000000	87.000000	96.000000	239
341	HYP7LC4	610.632314	86.472489	92.140393	240
342	HYP7LC5	458.358674	87.698903	89.469093	241
343	HYP7LC6	294.773533	88.221010	83.221010	242
556	HYP7RC1	958.879915	90.149692	46.670062	243
353	HYP7RC2	821.000000	88.000000	49.000000	244
46	HYP7RC3	742.193541	73.554652	47.475158	245
354	HYP7RC4	611.202325	79.082941	48.287465	246
66	HYP7RC5	478.273133	79.511984	52.267280	247
355	HYP7RC6	300.000000	81.000000	52.000000	248
489	HYP7V1	1462.085006	39.829988	72.198347	249
488	HYP7V2	1436.000000	43.000000	72.000000	250
182	HYP8	127.350732	68.953215	71.618078	251
173	HYP9	95.633594	69.927131	70.230548	252
223	I1L	1544.411101	66.843160	81.134731	253
121	I1R	1545.815296	67.417677	63.473220	254
416	I2L	1509.000000	60.000000	88.000000	255
415	I2R	1499.000000	62.000000	56.000000	256
160	I3	1483.892759	91.302780	71.494653	257
152	I4	1273.573559	99.240000	69.460678	258
145	I5	1263.968678	53.713506	68.338218	259
246	I6	1256.668053	92.863001	84.793759	260
486	IL1DL	1446.000000	103.000000	77.000000	261
485	IL1DR	1446.000000	103.000000	68.289474	262
297	IL1L	1456.627706	71.636364	92.792208	263
22	IL1R	1457.672984	72.185620	46.516847	264
480	IL1VL	1435.000000	56.000000	76.000000	265
155	IL1VR	1447.108029	52.461456	72.116298	266
228	IL2DL	1479.650404	102.021651	81.860277	267
118	IL2DR	1469.501368	100.401258	61.717998	268
323	IL2L	1468.785673	80.656789	99.665995	269
16	IL2R	1468.870274	82.922566	41.332864	270
281	IL2VL	1465.605966	58.035736	89.949969	271
554	IL2VR	1459.000000	46.000000	65.000000	272
284	ILSHDL	1513.808969	93.105579	90.712924	273
38	ILSHDR	1510.143625	89.098310	50.644393	274
302	ILSHL	1524.537617	60.488621	95.126104	275
58	ILSHR	1535.838671	54.539851	55.913316	276
510	ILSHVL	1576.321574	51.000000	74.750339	277
511	ILSHVR	1573.000000	51.000000	67.000000	278
514	ILSODL	1609.000000	102.000000	78.000000	279
141	ILSODR	1596.763812	104.018646	65.900092	280
294	ILSOL	1553.521968	65.176361	95.261139	281
504	ILSOR	1557.000000	68.000000	51.000000	282
509	ILSOVL	1599.000000	50.000000	75.000000	283
512	ILSOVR	1590.000000	51.000000	66.000000	284
545	IML	349.000000	61.000000	85.000000	285
102	IMR	364.806880	57.594467	60.848016	286
143	IND2	1073.340744	104.680302	68.447606	287
362	IND3	1002.531912	102.917001	71.248140	288
151	IND4	917.171406	96.321452	72.004062	289
363	IND5	809.283173	93.617559	67.938311	290
364	IND6	633.000000	89.000000	71.000000	291
149	IND7	517.053151	88.869238	67.972719	292
365	IND8	418.000000	90.000000	71.000000	293
366	IND9	357.813110	87.596646	80.342073	294
248	INDL1	1135.772324	97.888889	84.964314	295
357	INDR1	1125.000000	100.000000	58.000000	296
188	INV2	1069.242581	56.400548	74.628976	297
172	INV3	981.672956	58.473136	71.576640	298
181	INV4	875.983182	59.614958	74.012070	299
555	INV5	763.000000	73.000000	81.000000	300
138	INV6	695.268326	66.926923	65.092760	301
359	INV7	566.000000	61.000000	73.000000	302
360	INV8	452.000000	58.000000	71.000000	303
361	INV9	370.955793	58.049390	73.281098	304
358	INVL1	1133.000000	58.000000	85.000000	305
356	INVR1	1131.000000	63.000000	58.000000	306
536	K	287.000000	86.000000	81.000000	307
537	K'	294.321574	82.249661	65.000000	308
226	LUAL	255.289279	84.503697	82.499384	309
542	LUAR	250.000000	82.000000	62.000000	310
104	M	576.189453	74.656641	56.659375	311
100	M1	1257.095186	95.309491	57.510742	312
236	M2L	1275.252929	67.997243	83.014128	313
83	M2R	1275.535386	70.091400	56.074262	314
219	M3L	1451.865089	69.454745	79.516467	315
128	M3R	1452.031680	72.366139	62.714360	316
166	M4	1454.819046	87.509503	70.695512	317
404	M5	1234.841815	84.760756	89.298006	318
238	MC1DL	1518.359150	84.407421	83.726585	319
421	MC1DR	1516.000000	81.959368	59.959368	320
417	MC1V	1517.353024	56.870605	72.646976	321
216	MC2DL	1306.579700	88.499881	75.676197	322
130	MC2DR	1306.580093	88.974857	63.486522	323
408	MC2V	1297.258661	70.460424	68.510603	324
241	MC3DL	1228.110756	94.821512	84.382558	325
403	MC3DR	1234.000000	90.000000	52.000000	326
144	MC3V	1223.932055	53.344727	68.416840	327
414	MCL	1503.870740	66.155112	81.844888	328
413	MCR	1502.180225	66.240300	63.420526	329
411	MI	1496.000000	92.000000	72.000000	330
257	NSML	1481.636239	61.190515	85.490132	331
87	NSMR	1479.104341	63.657050	58.139391	332
273	OLLL	1454.945642	85.842393	87.235124	333
499	OLLR	1451.000000	86.000000	55.000000	334
327	OLLSHL	1497.795066	71.422368	99.902961	335
15	OLLSHR	1489.413029	72.157929	42.365870	336
300	OLLSOL	1490.376961	87.074893	93.906562	337
502	OLLSOR	1481.000000	90.000000	49.000000	338
484	OLQDL	1431.000000	105.000000	77.000000	339
483	OLQDR	1431.000000	106.017341	66.826590	340
325	OLQSHDL	1503.655011	85.809661	98.122206	341
501	OLQSHDR	1494.000000	89.000000	45.000000	342
316	OLQSHVL	1482.486080	68.979200	98.106560	343
36	OLQSHVR	1519.463014	59.664124	48.493759	344
211	OLQSODL	1582.031597	103.694097	77.084722	345
146	OLQSODR	1569.884818	104.648181	67.074529	346
276	OLQSOVL	1544.558918	57.351469	90.244981	347
45	OLQSOVR	1548.528175	58.550553	52.038555	348
477	OLQVL	1431.000000	70.000000	89.000000	349
497	OLQVR	1433.000000	63.000000	56.000000	350
309	P1/2L	1002.704687	60.551605	95.867929	351
33	P1/2R	1005.018449	57.582648	47.911493	352
338	P11/12L	334.260924	66.858926	92.325843	353
352	P11/12R	334.000000	60.000000	54.000000	354
304	P3/4L	890.860641	61.953776	95.046224	355
43	P3/4R	895.097528	56.673025	49.558033	356
335	P5/6L	762.000000	59.000000	95.000000	357
41	P5/6R	769.835590	52.523694	50.323985	358
287	P7/8L	604.412331	61.231790	91.836108	359
57	P7/8R	625.549759	54.403157	52.734082	360
272	P9/10L	463.822193	61.247706	88.714723	361
351	P9/10R	489.854417	55.785169	54.507634	362
237	PHAL	267.297631	66.364845	82.229691	363
541	PHAR	265.023837	66.015891	61.920545	364
230	PHBL	267.647803	80.257260	83.848846	365
540	PHBR	263.980256	75.177700	57.921022	366
533	PHSHL	228.000000	77.000000	78.000000	367
543	PHSHR	222.000000	74.000000	67.000000	368
534	PLML	189.000000	70.000000	78.000000	369
148	PLMR	202.709504	67.605913	67.371610	370
423	PM1DL	1513.000000	90.000000	72.000000	371
422	PM1DR	1517.037807	90.000000	66.616257	372
420	PM1L	1525.000000	77.000000	85.000000	373
419	PM1R	1518.000000	63.000000	61.000000	374
222	PM1VL	1522.409942	59.193925	79.389383	375
418	PM1VR	1523.205562	57.794438	67.246675	376
427	PM2D1	1635.000000	89.000000	71.000000	377
426	PM2D2	1615.000000	92.000000	71.000000	378
433	PM2VL1	1649.000000	64.000000	81.000000	379
432	PM2VL2	1635.000000	63.000000	81.000000	380
439	PM2VR1	1643.000000	66.000000	59.000000	381
438	PM2VR2	1628.000000	66.000000	59.000000	382
429	PM3DL	1602.000000	89.000000	75.000000	383
428	PM3DR	1572.000000	89.000000	68.000000	384
430	PM3L	1561.339448	73.032358	81.073372	385
435	PM3R	1566.628755	74.963999	62.943591	386
441	PM3VL	1602.000000	65.000000	76.000000	387
440	PM3VR	1602.000000	64.000000	65.000000	388
410	PM4DL	1496.000000	88.911243	81.266272	389
409	PM4DR	1496.000000	88.678426	64.249661	390
264	PM4L	1494.640530	73.097420	88.154107	391
77	PM4R	1497.026008	76.682590	55.177813	392
412	PM4VL	1492.019341	54.180975	78.010065	393
126	PM4VR	1492.561023	53.633079	64.862332	394
217	PM5DL	1284.790794	94.053113	76.744172	395
136	PM5DR	1286.302967	95.345220	64.364699	396
215	PM5L	1286.377452	79.544075	79.892493	397
89	PM5R	1287.289564	81.561353	59.005447	398
407	PM5VL	1278.000000	63.000000	73.000000	399
406	PM5VR	1276.859800	63.000000	65.018598	400
176	PM6D	1258.348670	97.434742	71.910485	401
229	PM6VL	1259.058244	63.575493	82.506944	402
75	PM6VR	1258.980635	65.371675	56.234018	403
168	PM7D	1234.444893	100.921140	71.623515	404
245	PM7VL	1230.549360	65.799817	84.207267	405
405	PM7VR	1230.000000	69.000000	52.000000	406
139	PM8	1204.704913	72.194584	69.182300	407
224	PVCL	246.662099	73.455933	82.500467	408
115	PVCR	238.826615	71.562409	62.047110	409
546	PVPL	331.000000	60.000000	85.000000	410
551	PVPR	327.000000	56.000000	65.000000	411
251	PVQL	283.122352	72.158305	85.586678	412
91	PVQR	281.414094	69.094124	58.026394	413
157	PVR	166.190869	79.962582	69.363199	414
147	PVT	345.699100	51.962066	69.802615	415
336	QL	495.032298	82.545694	86.536179	416
350	QR	677.000000	76.000000	50.000000	417
539	REPD	301.000000	91.000000	73.000000	418
252	REPVL	307.927154	76.174232	86.075836	419
88	REPVR	311.594006	70.250549	57.510090	420
239	RIAL	1358.502309	85.170515	83.052220	421
99	RIAR	1359.467576	87.306559	59.629329	422
263	RIBL	1320.683783	71.210618	86.578764	423
60	RIBR	1323.040153	71.081262	53.122052	424
452	RICL	1288.000000	67.000000	99.000000	425
453	RICR	1287.010262	66.928164	39.917902	426
169	RID	1394.808318	108.449660	74.070414	427
213	RIFL	1236.763277	39.097194	77.004760	428
95	RIFR	1232.455848	40.896586	59.987637	429
396	RIGL	1214.000000	41.000000	77.000000	430
178	RIGR	1172.967143	43.587129	71.220712	431
467	RIH	1365.547963	49.587385	71.345598	432
450	RIML	1303.000000	70.000000	88.000000	433
59	RIMR	1303.549435	69.513482	53.240939	434
259	RIPL	1436.373537	83.919592	86.195920	435
67	RIPR	1435.210713	86.575347	55.920620	436
472	RIR	1348.000000	56.000000	62.000000	437
32	RIS	1267.137818	50.514479	49.160897	438
231	RIVL	1294.674932	100.769361	84.250679	439
457	RIVR	1294.151442	99.227163	52.227163	440
461	RMDDL	1375.033898	47.988701	89.050847	441
474	RMDDR	1375.000000	48.000000	53.000000	442
444	RMDL	1383.016873	63.996625	96.033746	443
18	RMDR	1383.392047	63.714972	43.461970	444
319	RMDVL	1394.486309	80.596276	97.963417	445
17	RMDVR	1393.910440	84.257484	42.845461	446
482	RMED	1418.000000	109.000000	72.000000	447
283	RMEL	1420.679826	82.088324	91.485447	448
27	RMER	1419.885585	84.423135	49.436492	449
478	RMEV	1412.000000	50.000000	72.000000	450
305	RMGL	1223.819952	67.904276	96.974347	451
10	RMGR	1228.394372	65.121296	40.942230	452
466	SAADL	1369.088757	50.000000	80.266272	453
468	SAADR	1371.909344	49.528591	62.525802	454
258	SAAVL	1377.983985	81.972067	85.011173	455
92	SAAVR	1379.619222	86.451944	58.418195	456
394	SABD	1203.000000	44.000000	64.000000	457
397	SABVL	1252.000000	36.849614	70.601542	458
398	SABVR	1252.000000	39.000000	62.000000	459
464	SIADL	1327.016148	52.983852	86.161476	460
98	SIADR	1317.812996	60.188530	59.328859	461
250	SIAVL	1307.705553	45.898115	86.029547	462
73	SIAVR	1303.181004	49.520858	55.543483	463
303	SIBDL	1365.965858	60.878706	97.218029	464
11	SIBDR	1368.768931	63.355257	42.749026	465
235	SIBVL	1353.892672	56.512695	84.882285	466
473	SIBVR	1360.000000	58.000000	53.000000	467
463	SMBDL	1330.000000	38.000000	86.000000	468
72	SMBDR	1317.962963	42.314456	54.522342	469
204	SMBVL	1343.222759	50.245057	75.154713	470
471	SMBVR	1342.966102	43.011299	62.050847	471
462	SMDDL	1351.000000	43.000000	89.000000	472
475	SMDDR	1349.000000	41.000000	53.000000	473
279	SMDVL	1368.359111	87.602221	91.477993	474
35	SMDVR	1368.183294	88.014252	51.155582	475
548	SPH	329.000000	73.000000	87.000000	476
531	TL	202.000000	80.000000	77.000000	477
532	TR	194.000000	80.000000	68.000000	478
550	U	305.000000	67.000000	73.000000	479
220	URADL	1460.675110	97.916245	80.775076	480
500	URADR	1452.000000	100.000000	57.000000	481
261	URAVL	1439.940365	57.470742	86.691018	482
481	URAVR	1439.000000	53.000000	63.000000	483
318	URBL	1447.363034	81.270288	98.473998	484
495	URBR	1446.819732	84.954933	46.639464	485
227	URXL	1366.868786	95.576936	78.217112	486
142	URXR	1365.414418	97.070933	66.127217	487
254	URYDL	1442.771026	94.174509	87.302334	488
85	URYDR	1437.704912	98.665619	55.799607	489
296	URYVL	1442.765657	68.223434	95.055758	490
28	URYVR	1445.810103	66.440573	49.290113	491
333	V1L	1064.460637	78.932998	96.490229	492
346	V1R	1066.687556	74.212979	44.650535	493
311	V2L	954.967409	67.829094	95.670111	494
347	V2R	951.818557	61.791753	48.238946	495
334	V3L	826.003740	67.829282	95.437547	496
348	V3R	822.574787	61.558029	49.274137	497
295	V4L	663.772119	66.605049	93.124918	498
349	V4R	671.224772	56.381939	49.876388	499
269	V5L	507.957474	65.396351	89.813754	500
50	V5R	531.555051	65.146706	51.991947	501
337	V6L	405.874721	73.542411	90.603516	502
76	V6R	415.332150	68.484294	53.475007	503
201	VIRL	323.120265	83.415538	76.551562	504
552	VIRR	325.000000	77.000000	66.000000	505
285	VL1	1601.073369	59.270258	91.081495	506
376	VL10	1118.056634	50.697613	89.821400	507
377	VL11	1042.000000	46.000000	83.000000	508
381	VL12	975.000000	53.000000	85.000000	509
218	VL13	922.765812	47.086895	81.389459	510
249	VL14	840.535079	52.879058	85.721990	511
379	VL15	767.000000	46.000000	82.000000	512
233	VL16	675.099376	53.103870	83.692385	513
244	VL17	549.263250	54.602668	83.280098	514
382	VL18	412.326143	54.213662	82.023369	515
535	VL19	233.000000	64.000000	78.000000	516
367	VL2	1577.000000	50.000000	85.000000	517
266	VL3	1527.230153	44.501890	86.024016	518
293	VL4	1490.977754	51.538930	94.212592	519
368	VL5	1414.029256	43.738581	86.643828	520
292	VL6	1393.901730	50.046367	94.458362	521
373	VL7	1277.000000	37.000000	83.000000	522
375	VL8	1196.000000	50.000000	90.000000	523
256	VL9	1171.890038	45.965539	84.338346	524
150	VPI1	1203.265139	102.713639	70.792586	525
240	VPI2DL	1200.997665	86.322081	84.813376	526
69	VPI2DR	1203.180745	93.975079	54.146905	527
122	VPI2V	1195.327926	65.581762	66.520605	528
132	VPI3D	1192.984690	100.445720	67.847947	529
401	VPI3V	1189.000000	70.000000	72.000000	530
515	VR1	1599.000000	62.000000	51.000000	531
64	VR10	1130.486854	47.564609	55.183852	532
109	VR11	1084.857778	44.356222	61.252889	533
90	VR12	991.807858	49.737452	58.974109	534
125	VR13	939.464337	47.163442	63.348542	535
96	VR14	863.004954	50.208068	60.589762	536
110	VR15	792.815591	47.495949	62.039396	537
97	VR16	703.715497	49.343382	61.023552	538
135	VR17	611.651590	49.361020	65.272752	539
518	VR18	528.963812	50.784254	62.784530	540
519	VR19	418.142117	53.075225	64.260586	541
516	VR2	1569.000000	51.000000	55.000000	542
544	VR20	233.000000	62.000000	67.000000	543
94	VR3	1520.153481	42.830086	58.881755	544
42	VR4	1480.577738	53.334184	49.839418	545
86	VR5	1428.376450	41.732865	56.639016	546
31	VR6	1407.335040	48.837893	49.309144	547
63	VR7	1288.544219	37.358360	55.212345	548
517	VR8	1219.911132	48.735872	49.287506	549
74	VR9	1173.386300	46.617818	55.725248	550
399	W	1284.000000	41.000000	72.000000	551
312	XXXL	1469.214859	68.259371	97.513722	552
498	XXXR	1471.000000	69.000000	48.000000	553
180	YPDA	292.485570	52.799464	72.929783	554
127	Z1	761.959462	51.921698	64.990399	555
120	Z2	742.714019	55.664486	65.807477	556
380	Z3	717.436164	57.952049	78.699067	557
156	Z4	697.841744	50.617834	75.288339	558
