label_number	label_name	x	y	z	Aligned_No
249	ADAL	1148.000000	86.000000	41.000000	1
371	ADAR	1161.000000	92.000000	89.000000	2
250	ADEL	1164.000000	83.000000	41.000000	3
372	ADER	1169.937783	80.975113	89.000000	4
247	ADESHL	1109.000000	79.000000	41.000000	5
321	ADESHR	1116.000000	88.000000	90.000000	6
429	ADFL	1252.000000	54.000000	53.000000	7
392	ADFR	1256.000000	61.000000	79.000000	8
412	ADLL	1231.000000	44.000000	60.000000	9
402	ADLR	1235.000000	44.000000	76.000000	10
424	AFDL	1264.000000	61.000000	42.000000	11
389	AFDR	1266.000000	64.000000	91.000000	12
446	AIAL	1242.000000	91.000000	55.000000	13
447	AIAR	1241.979753	97.020247	65.976378	14
435	AIBL	1250.000000	72.000000	48.000000	15
398	AIBR	1259.000000	76.000000	79.000000	16
355	AIML	1199.000000	89.000000	58.000000	17
351	AIMR	1196.916182	94.000000	69.811409	18
251	AINL	1174.000000	67.000000	41.000000	19
376	AINR	1180.000000	66.000000	89.000000	20
356	AIYL	1191.000000	93.000000	49.000000	21
352	AIYR	1201.000000	94.000000	79.000000	22
432	AIZL	1187.000000	77.000000	48.000000	23
396	AIZR	1193.000000	79.000000	80.000000	24
408	ALA	1292.000000	39.000000	68.000000	25
315	ALML	836.000000	53.000000	45.000000	26
319	ALMR	826.000000	55.000000	91.000000	27
38	ALNL	213.000000	59.000000	60.000000	28
56	ALNR	210.000000	59.000000	72.000000	29
532	AMSHL	1166.000000	47.000000	41.000000	30
178	AMSHR	1141.000000	57.000000	93.000000	31
512	AMSOL	1452.000000	55.000000	51.000000	32
467	AMSOR	1489.000000	72.000000	88.000000	33
515	ARCADL	1500.000000	67.000000	45.000000	34
466	ARCADR	1497.000000	83.000000	85.000000	35
324	ARCAV	1565.000000	94.000000	62.000000	36
334	ARCPD	1540.000000	47.000000	75.000000	37
513	ARCPDL	1463.000000	57.000000	46.000000	38
468	ARCPDR	1469.000000	65.000000	88.000000	39
14	ARCPV	1528.690887	96.969212	58.722906	40
516	ARCPVL	1477.000000	78.000000	45.000000	41
465	ARCPVR	1478.000000	83.000000	85.000000	42
423	ASEL	1219.787879	65.872727	40.703030	43
384	ASER	1220.000000	68.000000	92.000000	44
417	ASGL	1219.000000	47.000000	47.000000	45
387	ASGR	1221.000000	52.000000	87.000000	46
422	ASHL	1241.000000	65.000000	41.000000	47
383	ASHR	1243.000000	72.000000	92.000000	48
411	ASIL	1213.983127	48.003375	57.033746	49
401	ASIR	1212.000000	52.000000	76.000000	50
255	ASJL	1218.000000	82.000000	41.000000	51
380	ASJR	1224.000000	86.000000	92.000000	52
413	ASKL	1256.000000	45.000000	60.000000	53
403	ASKR	1261.000000	45.000000	76.000000	54
420	AUAL	1237.936291	81.981797	37.927190	55
381	AUAR	1243.000000	89.000000	92.000000	56
425	AVAL	1281.000000	61.000000	42.000000	57
390	AVAR	1288.000000	71.000000	92.000000	58
427	AVBL	1208.000000	61.000000	50.000000	59
395	AVBR	1210.000000	66.000000	80.000000	60
419	AVDL	1201.981962	69.977452	38.959414	61
375	AVDR	1194.012600	73.936999	89.113402	62
436	AVEL	1273.000000	73.000000	48.000000	63
399	AVER	1280.000000	75.000000	79.000000	64
368	AVG	1160.000000	107.000000	65.000000	65
416	AVHL	1186.000000	55.000000	47.000000	66
378	AVHR	1201.026997	52.996625	89.026997	67
252	AVJL	1191.016873	63.026997	40.979753	68
377	AVJR	1191.948538	60.143860	89.159064	69
357	AVKL	1178.000000	93.000000	53.000000	70
354	AVKR	1181.000000	92.000000	79.000000	71
450	AVL	1248.000000	91.000000	73.000000	72
428	AWAL	1233.000000	57.000000	50.000000	73
394	AWAR	1238.000000	60.000000	79.000000	74
418	AWBL	1237.133492	48.733015	46.899881	75
388	AWBR	1239.000000	53.000000	90.000000	76
421	AWCL	1255.063001	73.012600	38.886598	77
382	AWCR	1261.000000	81.000000	92.000000	78
72	B	243.000000	83.000000	66.000000	79
523	BAGL	1341.000000	73.000000	39.000000	80
481	BAGR	1346.000000	87.000000	88.000000	81
316	BDUL	1049.000000	79.000000	45.000000	82
320	BDUR	1030.000000	80.000000	88.000000	83
314	CANL	703.000000	75.000000	45.000000	84
318	CANR	736.000000	75.000000	91.000000	85
6	CCLA	736.166577	97.955740	54.231491	86
5	CCLP	687.124867	95.737487	51.727103	87
27	CCRA	859.219616	95.642736	85.491803	88
22	CCRP	835.562500	104.885148	77.645987	89
415	CEPDL	1294.000000	41.000000	55.000000	90
407	CEPDR	1296.000000	46.000000	79.000000	91
101	CEPSHDL	1327.908665	53.202576	46.982436	92
475	CEPSHDR	1332.000000	64.000000	87.000000	93
525	CEPSHVL	1324.000000	86.000000	42.000000	94
482	CEPSHVR	1327.926143	95.950762	83.221571	95
503	CEPSODL	1374.000000	51.000000	47.000000	96
473	CEPSODR	1380.000000	60.000000	82.000000	97
526	CEPSOVL	1367.000000	91.000000	47.000000	98
484	CEPSOVR	1373.133492	99.833135	76.233611	99
529	CEPVL	1332.000000	97.000000	55.000000	100
490	CEPVR	1327.000000	103.000000	67.000000	101
365	DA1	1089.000000	110.000000	64.000000	102
200	DA2	1019.000000	109.000000	63.000000	103
202	DA3	930.000000	112.000000	67.000000	104
204	DA4	833.000000	110.000000	67.000000	105
207	DA5	691.000000	110.000000	67.000000	106
210	DA6	531.000000	99.000000	64.000000	107
213	DA7	390.000000	92.000000	64.000000	108
45	DA8	294.942857	83.068571	52.920000	109
64	DA9	287.000000	83.000000	75.000000	110
363	DB1	1129.000000	112.000000	59.000000	111
358	DB2	1194.000000	113.000000	58.000000	112
199	DB3	1045.000000	111.000000	63.000000	113
203	DB4	903.000000	110.000000	67.000000	114
206	DB5	744.000000	105.000000	67.000000	115
209	DB6	559.000000	100.000000	64.000000	116
212	DB7	416.000000	92.000000	64.000000	117
362	DD1	1139.126002	109.974800	57.987400	118
201	DD2	960.040480	111.000000	66.511244	119
205	DD3	807.000000	109.000000	67.000000	120
208	DD4	604.000000	100.000000	64.000000	121
211	DD5	455.000000	88.000000	64.000000	122
50	DD6	298.988777	77.995511	64.977553	123
15	DEP	224.461593	55.590725	66.348633	124
7	DL1	1519.212995	52.574592	50.810897	125
106	DL10	1041.000000	37.000000	54.000000	126
107	DL11	977.000000	44.000000	54.000000	127
108	DL12	931.000000	47.000000	54.000000	128
109	DL13	862.000000	42.000000	54.000000	129
110	DL14	803.000000	43.000000	54.000000	130
111	DL15	738.000000	43.000000	54.000000	131
112	DL16	648.000000	46.000000	57.000000	132
113	DL17	568.000000	42.000000	59.000000	133
114	DL18	479.000000	42.000000	59.000000	134
115	DL19	413.000000	42.000000	61.000000	135
97	DL2	1488.744890	47.281933	52.161172	136
116	DL20	369.000000	45.000000	61.000000	137
53	DL21	194.000000	56.000000	68.000000	138
98	DL3	1448.272135	43.585282	53.828542	139
99	DL4	1393.254827	45.568189	47.360405	140
102	DL5	1332.009101	43.972696	45.908987	141
100	DL6	1324.000000	37.000000	53.000000	142
103	DL7	1184.000000	34.000000	52.000000	143
104	DL8	1122.000000	35.000000	49.000000	144
105	DL9	1084.000000	43.000000	54.000000	145
28	DR1	1510.536538	61.863267	83.571614	146
127	DR10	1081.000000	46.000000	85.000000	147
126	DR11	1012.000000	38.000000	79.000000	148
125	DR12	941.000000	49.000000	83.000000	149
124	DR13	899.000000	42.000000	79.000000	150
123	DR14	840.000000	45.000000	79.000000	151
122	DR15	786.000000	36.000000	77.000000	152
121	DR16	694.000000	46.000000	77.000000	153
120	DR17	618.000000	46.000000	76.000000	154
119	DR18	537.000000	47.000000	76.000000	155
118	DR19	447.000000	43.000000	75.000000	156
135	DR2	1485.588374	54.885574	81.874438	157
117	DR20	385.000000	46.000000	75.000000	158
71	DR21	256.000000	54.000000	71.000000	159
134	DR3	1448.605269	49.425938	78.986431	160
133	DR4	1395.744335	52.130350	85.051614	161
132	DR5	1320.000000	39.000000	79.000000	162
131	DR6	1322.000000	51.000000	86.000000	163
130	DR7	1195.000000	36.000000	78.000000	164
129	DR8	1169.000000	37.000000	81.000000	165
128	DR9	1099.000000	36.000000	81.000000	166
76	DVA	242.000000	63.000000	63.000000	167
77	DVC	221.000000	74.000000	67.000000	168
234	E1D	1506.452055	55.773973	69.678082	169
225	E1VL	1517.000000	79.000000	53.000000	170
217	E1VR	1514.056497	87.005650	72.022599	171
231	E2D	1579.000000	56.000000	68.000000	172
222	E2VL	1588.000000	81.000000	56.000000	173
214	E2VR	1580.000000	84.000000	76.000000	174
236	E3D	1460.000000	59.000000	67.000000	175
226	E3VL	1489.000000	80.000000	54.000000	176
218	E3VR	1485.000000	86.000000	74.000000	177
275	EXC	1215.000000	94.000000	71.000000	178
276	EXC/DUCT	1226.000000	86.000000	59.000000	179
90	EXC/GL/L	1140.000000	101.000000	48.000000	180
142	EXC/GL/R	1135.000000	103.000000	82.000000	181
75	F	263.000000	66.000000	64.000000	182
253	FLPL	1180.000000	84.000000	41.000000	183
373	FLPR	1180.000000	85.000000	89.000000	184
349	G1	1266.000000	111.000000	60.000000	185
293	G1AL	1160.000000	56.000000	53.000000	186
292	G1AR	1160.000000	59.000000	80.000000	187
304	G1P	1104.000000	62.000000	79.000000	188
350	G2	1245.000000	108.000000	60.000000	189
302	G2L	1111.005593	89.001119	54.996644	190
303	G2R	1111.000000	93.000000	72.000000	191
270	GLRDL	1296.000000	55.000000	60.000000	192
271	GLRDR	1296.000000	55.030371	71.976378	193
11	GLRL	1288.500620	75.344293	52.724566	194
23	GLRR	1292.419878	84.277214	75.776876	195
9	GLRVL	1290.450421	86.951393	53.176280	196
17	GLRVR	1294.650432	92.686190	68.993835	197
533	H0L	1439.000000	67.000000	39.000000	198
175	H0R	1445.000000	74.000000	93.000000	199
534	H1L	1311.000000	71.000000	39.000000	200
176	H1R	1322.000000	79.000000	93.000000	201
535	H2L	1147.000000	72.000000	39.000000	202
177	H2R	1151.000000	77.000000	93.000000	203
16	HMC	1192.108937	41.961925	66.182972	204
313	HSNL	658.000000	88.000000	45.000000	205
317	HSNR	651.000000	98.000000	91.000000	206
30	HYP101	63.000000	69.000000	67.000000	207
29	HYP102	43.000000	70.000000	68.000000	208
69	HYP11	109.000000	65.000000	61.000000	209
511	HYP1L	1430.000000	53.000000	45.000000	210
261	HYP1R	1450.000000	66.000000	83.000000	211
325	HYP1V	1523.000000	98.000000	66.000000	212
514	HYP2L	1481.000000	58.000000	45.000000	213
330	HYP2V	1549.000000	98.000000	67.000000	214
332	HYP31	1571.000000	44.000000	70.000000	215
333	HYP32	1556.000000	44.000000	66.000000	216
331	HYP4D	1632.000000	51.000000	73.000000	217
322	HYP4V1	1628.000000	89.000000	66.000000	218
323	HYP4V2	1594.000000	93.000000	66.000000	219
96	HYP5L	1561.000000	63.000000	49.000000	220
136	HYP5R	1547.000000	76.000000	86.000000	221
339	HYP6D1	1510.000000	40.000000	67.000000	222
340	HYP6D2	1467.000000	41.000000	67.000000	223
341	HYP6D3	1434.000000	40.000000	67.000000	224
342	HYP6D4	1391.015713	38.991021	67.017957	225
345	HYP6V1	1498.000000	108.000000	60.000000	226
346	HYP6V2	1453.000000	106.000000	60.000000	227
34	HYP71	158.000000	82.000000	68.000000	228
33	HYP72	138.000000	74.000000	68.000000	229
536	HYP7ABLD	1099.000000	60.000000	39.000000	230
537	HYP7ABLV	1081.000000	80.000000	39.000000	231
181	HYP7ABR3	1056.000000	76.000000	92.000000	232
179	HYP7ABRD	1089.000000	73.000000	92.000000	233
180	HYP7ABRV	1071.000000	86.000000	92.000000	234
343	HYP7D1	1355.000000	37.000000	67.000000	235
344	HYP7D2	1250.000000	32.000000	67.000000	236
539	HYP7LC1	997.000000	58.000000	44.000000	237
543	HYP7LC2	879.000000	63.000000	44.000000	238
545	HYP7LC3	749.000000	58.000000	44.000000	239
549	HYP7LC4	576.000000	56.000000	44.000000	240
551	HYP7LC5	501.000000	54.000000	49.000000	241
556	HYP7LC6	270.000000	56.000000	49.000000	242
183	HYP7RC1	978.000000	68.000000	92.000000	243
187	HYP7RC2	811.000000	72.000000	93.000000	244
189	HYP7RC3	705.000000	70.000000	93.000000	245
192	HYP7RC4	582.000000	61.000000	91.000000	246
196	HYP7RC5	438.000000	57.000000	91.000000	247
67	HYP7RC6	269.000000	57.000000	83.000000	248
347	HYP7V1	1385.000000	110.000000	60.000000	249
348	HYP7V2	1348.000000	109.000000	60.000000	250
32	HYP8	111.066746	71.200238	68.233611	251
31	HYP9	86.000000	71.000000	68.000000	252
228	I1L	1448.011299	79.966102	54.050847	253
237	I1R	1450.000000	87.000000	74.000000	254
230	I2L	1413.018203	80.063709	48.072810	255
240	I2R	1417.000000	92.000000	76.000000	256
266	I3	1392.000000	57.000000	70.000000	257
312	I4	1161.000000	45.000000	69.000000	258
289	I5	1155.000000	90.000000	62.000000	259
286	I6	1143.000000	46.000000	54.000000	260
492	IL1DL	1354.016873	51.996625	58.033746	261
493	IL1DR	1357.000000	54.000000	74.000000	262
506	IL1L	1368.809058	74.809058	45.334149	263
474	IL1R	1370.000000	83.000000	82.000000	264
530	IL1VL	1358.000000	99.000000	61.000000	265
531	IL1VR	1342.000000	98.000000	62.000000	266
502	IL2DL	1384.000000	43.000000	59.000000	267
494	IL2DR	1376.000000	45.000000	77.000000	268
505	IL2L	1381.000000	68.000000	36.000000	269
472	IL2R	1380.000000	65.000000	93.000000	270
528	IL2VL	1372.000000	102.000000	52.000000	271
489	IL2VR	1369.000000	105.000000	69.000000	272
510	ILSHDL	1408.000000	52.000000	45.000000	273
469	ILSHDR	1434.000000	63.000000	85.000000	274
519	ILSHL	1427.000000	83.000000	42.000000	275
462	ILSHR	1436.000000	91.000000	85.000000	276
328	ILSHVL	1476.000000	102.000000	55.000000	277
327	ILSHVR	1479.000000	102.000000	67.000000	278
335	ILSODL	1532.000000	47.000000	60.000000	279
337	ILSODR	1511.000000	48.000000	77.000000	280
517	ILSOL	1461.000000	77.000000	45.000000	281
464	ILSOR	1466.000000	90.000000	82.000000	282
329	ILSOVL	1499.012600	97.873998	57.974800	283
326	ILSOVR	1504.057143	100.022857	67.102857	284
2	IML	338.900492	79.722253	50.514853	285
26	IMR	339.641016	82.893101	79.499242	286
160	IND2	973.000000	56.000000	71.000000	287
161	IND3	912.000000	55.000000	68.000000	288
163	IND4	836.000000	57.000000	65.000000	289
165	IND5	752.000000	60.000000	74.000000	290
168	IND6	593.000000	55.000000	65.000000	291
170	IND7	482.000000	53.000000	69.000000	292
172	IND8	390.000000	56.000000	66.000000	293
174	IND9	336.000000	52.000000	60.000000	294
156	INDL1	1018.000000	53.000000	54.000000	295
157	INDR1	1023.000000	56.000000	81.000000	296
159	INV2	970.000000	97.000000	66.000000	297
162	INV3	891.000000	92.000000	68.000000	298
164	INV4	807.000000	93.000000	65.000000	299
166	INV5	707.000000	74.000000	58.000000	300
167	INV6	637.000000	77.000000	76.000000	301
169	INV7	523.000000	85.000000	65.000000	302
171	INV8	426.000000	82.000000	66.000000	303
173	INV9	342.000000	82.000000	66.000000	304
155	INVL1	1019.000000	93.000000	54.000000	305
158	INVR1	1023.000000	96.000000	77.000000	306
74	K	262.984287	57.002245	58.020202	307
62	K'	278.000000	58.000000	75.000000	308
40	LUAL	236.883041	66.070175	54.812865	309
57	LUAR	235.023622	59.969629	78.000000	310
198	M	527.000000	64.000000	85.000000	311
285	M1	1139.000000	52.000000	81.000000	312
291	M2L	1164.000000	73.000000	51.000000	313
290	M2R	1165.000000	80.000000	75.000000	314
269	M3L	1362.000000	79.000000	54.000000	315
268	M3R	1366.000000	88.000000	69.000000	316
267	M4	1364.000000	64.000000	65.000000	317
301	M5	1111.000000	51.000000	54.000000	318
557	MC1DL	1426.000000	59.000000	55.000000	319
262	MC1DR	1423.205562	69.205562	80.753325	320
257	MC1V	1419.000000	92.000000	62.000000	321
273	MC2DL	1191.006818	59.064773	60.935227	322
274	MC2DR	1191.000000	64.000000	73.000000	323
272	MC2V	1196.000000	78.000000	61.000000	324
296	MC3DL	1117.000000	60.000000	49.000000	325
297	MC3DR	1118.000000	65.000000	86.000000	326
300	MC3V	1125.000000	95.000000	58.000000	327
229	MCL	1413.000000	80.000000	55.981402	328
239	MCR	1413.872727	84.703030	70.787879	329
265	MI	1406.000000	53.000000	70.000000	330
244	NSML	1391.000000	80.000000	52.000000	331
241	NSMR	1396.000000	89.000000	73.000000	332
500	OLLL	1365.057143	59.931429	48.080000	333
486	OLLR	1364.000000	68.000000	82.000000	334
520	OLLSHL	1411.000000	73.000000	40.000000	335
460	OLLSHR	1397.000000	80.000000	90.000000	336
504	OLLSOL	1388.000000	54.000000	45.000000	337
471	OLLSOR	1398.000000	63.000000	87.000000	338
496	OLQDL	1340.679739	48.071895	57.000000	339
478	OLQDR	1342.147636	50.931949	75.025375	340
509	OLQSHDL	1409.010262	60.082098	37.928164	341
470	OLQSHDR	1418.000000	64.000000	87.000000	342
521	OLQSHVL	1392.000000	77.000000	40.000000	343
461	OLQSHVR	1421.000000	85.000000	90.000000	344
336	OLQSODL	1507.981797	48.072810	59.936291	345
338	OLQSODR	1483.000000	48.000000	73.000000	346
518	OLQSOVL	1446.000000	86.000000	45.000000	347
463	OLQSOVR	1452.000000	89.000000	85.000000	348
524	OLQVL	1341.000000	85.000000	49.000000	349
487	OLQVR	1344.000000	93.000000	76.000000	350
540	P1/2L	948.000000	95.000000	44.000000	351
184	P1/2R	953.000000	96.000000	92.000000	352
555	P11/12L	321.000000	73.000000	45.000000	353
66	P11/12R	310.000000	74.000000	85.000000	354
542	P3/4L	852.000000	90.000000	44.000000	355
186	P3/4R	841.000000	92.000000	93.000000	356
546	P5/6L	741.000000	86.000000	44.000000	357
149	P5/6R	738.000000	91.000000	91.000000	358
548	P7/8L	574.000000	77.000000	44.000000	359
191	P7/8R	579.000000	88.000000	91.000000	360
553	P9/10L	445.000000	77.000000	49.000000	361
195	P9/10R	448.000000	84.000000	91.000000	362
42	PHAL	253.000000	78.000000	55.000000	363
60	PHAR	254.000000	78.000000	78.000000	364
41	PHBL	253.000000	67.784382	55.000000	365
59	PHBR	249.000000	67.000000	78.000000	366
37	PHSHL	203.000000	69.000000	60.000000	367
54	PHSHR	213.000000	73.000000	76.000000	368
36	PLML	187.000000	77.000000	63.000000	369
55	PLMR	198.000000	68.000000	72.000000	370
263	PM1DL	1429.495132	56.819193	63.019471	371
264	PM1DR	1424.000000	58.000000	70.000000	372
4	PM1L	1431.343416	71.805852	52.667062	373
238	PM1R	1430.010430	61.943937	76.745763	374
8	PM1VL	1428.429748	89.781010	55.260703	375
18	PM1VR	1430.847165	85.505592	72.814401	376
232	PM2D1	1547.000000	56.000000	68.000000	377
233	PM2D2	1531.000000	57.000000	68.000000	378
223	PM2VL1	1554.000000	79.000000	56.000000	379
224	PM2VL2	1537.958668	80.082664	55.889782	380
215	PM2VR1	1548.000000	84.000000	76.000000	381
216	PM2VR2	1533.000000	85.000000	74.000000	382
294	PM3DL	1502.000000	58.000000	63.000000	383
235	PM3DR	1477.000000	62.000000	72.000000	384
227	PM3L	1467.033898	74.988701	54.050847	385
219	PM3R	1471.000000	82.000000	74.000000	386
221	PM3VL	1512.678934	84.398477	56.243655	387
220	PM3VR	1504.000000	86.000000	68.000000	388
260	PM4DL	1403.000000	53.000000	59.000000	389
259	PM4DR	1406.000000	60.172333	77.172333	390
256	PM4L	1404.000000	65.000000	49.000000	391
258	PM4R	1405.000000	80.000000	80.000000	392
243	PM4VL	1400.000000	94.000000	52.000000	393
242	PM4VR	1405.000000	96.000000	67.000000	394
278	PM5DL	1178.000000	47.000000	60.000000	395
279	PM5DR	1177.926304	51.005669	74.027211	396
281	PM5L	1175.000000	64.000000	53.000000	397
280	PM5R	1180.000000	72.000000	74.000000	398
283	PM5VL	1168.000000	82.000000	58.000000	399
282	PM5VR	1168.047745	84.218833	66.477454	400
284	PM6D	1143.000000	44.000000	68.000000	401
287	PM6VL	1143.000000	74.000000	51.000000	402
288	PM6VR	1147.000000	80.000000	81.000000	403
295	PM7D	1114.000000	46.000000	69.000000	404
299	PM7VL	1121.000000	77.000000	48.000000	405
298	PM7VR	1121.000000	85.000000	78.000000	406
311	PM8	1101.000000	87.000000	61.000000	407
39	PVCL	225.000000	71.000000	55.000000	408
58	PVCR	228.000000	69.000000	78.000000	409
46	PVPL	318.000000	82.000000	53.000000	410
65	PVPR	304.000000	80.000000	75.000000	411
43	PVQL	270.000000	71.000000	50.000000	412
61	PVQR	268.000000	70.000000	78.000000	413
51	PVR	156.000000	61.000000	73.000000	414
558	PVT	323.000000	85.000000	70.000000	415
550	QL	524.000000	71.000000	46.000000	416
193	QR	539.000000	82.000000	91.000000	417
73	REPD	281.000000	50.000000	63.000000	418
48	REPVL	294.000000	67.000000	52.000000	419
63	REPVR	290.000000	66.000000	75.000000	420
430	RIAL	1269.000000	56.000000	53.000000	421
393	RIAR	1271.000000	59.000000	79.000000	422
434	RIBL	1225.000000	69.000000	48.000000	423
397	RIBR	1228.000000	77.000000	79.000000	424
254	RICL	1194.063709	81.036405	40.936291	425
374	RICR	1195.000000	89.000000	89.000000	426
409	RID	1314.000000	36.000000	68.000000	427
360	RIFL	1171.000000	106.000000	54.000000	428
366	RIFR	1173.000000	102.000000	68.000000	429
361	RIGL	1154.000000	106.000000	54.000000	430
364	RIGR	1106.986364	112.647727	60.647727	431
449	RIH	1276.950762	94.926143	59.778429	432
433	RIML	1206.000000	75.000000	48.000000	433
379	RIMR	1208.000000	82.000000	87.000000	434
499	RIPL	1347.000000	68.000000	48.000000	435
485	RIPR	1350.000000	73.000000	82.000000	436
451	RIR	1266.000000	87.000000	73.000000	437
353	RIS	1185.000000	105.000000	79.000000	438
410	RIVL	1197.000000	46.000000	57.000000	439
400	RIVR	1193.047509	54.060255	81.169177	440
438	RMDDL	1283.000000	90.000000	45.000000	441
453	RMDDR	1284.162791	99.122093	80.000000	442
245	RMDL	1289.000000	79.000000	41.000000	443
386	RMDR	1293.000000	88.000000	88.000000	444
426	RMDVL	1300.000000	62.000000	42.000000	445
391	RMDVR	1308.000000	70.000000	92.000000	446
495	RMED	1335.292985	47.741403	66.288858	447
498	RMEL	1327.000000	68.000000	48.000000	448
479	RMER	1333.000000	80.000000	83.000000	449
491	RMEV	1312.000000	105.000000	59.000000	450
248	RMGL	1127.000000	87.000000	41.000000	451
370	RMGR	1140.000000	91.000000	89.000000	452
444	SAADL	1274.581616	91.372425	53.954041	453
452	SAADR	1279.000000	98.000000	69.000000	454
431	SAAVL	1286.000000	57.000000	53.000000	455
406	SAAVR	1291.000000	63.000000	79.000000	456
369	SABD	1146.000000	107.000000	68.000000	457
359	SABVL	1179.266985	109.100119	58.133492	458
367	SABVR	1188.000000	105.000000	68.000000	459
443	SIADL	1245.000000	84.000000	46.000000	460
457	SIADR	1242.000000	97.000000	83.000000	461
441	SIAVL	1234.000000	96.000000	45.000000	462
458	SIAVR	1233.000000	101.000000	75.000000	463
246	SIBDL	1272.004860	79.213852	40.703524	464
385	SIBDR	1278.000000	87.000000	93.000000	465
442	SIBVL	1263.000000	83.000000	46.000000	466
454	SIBVR	1276.000000	93.000000	80.000000	467
440	SMBDL	1250.000000	99.000000	45.000000	468
456	SMBDR	1252.000000	103.000000	72.000000	469
445	SMBVL	1258.000000	93.000000	55.000000	470
448	SMBVR	1256.039728	94.009081	65.945516	471
439	SMDDL	1265.000000	98.000000	45.000000	472
455	SMDDR	1265.000000	102.000000	78.000000	473
437	SMDVL	1276.000000	45.000000	48.000000	474
405	SMDVR	1282.000000	56.000000	89.000000	475
47	SPH	313.000000	67.000000	52.000000	476
35	TL	168.986502	68.010124	62.966254	477
52	TR	172.568345	64.712230	72.136691	478
44	U	283.000000	74.000000	60.000000	479
501	URADL	1367.000000	47.000000	56.000000	480
477	URADR	1363.000000	55.000000	87.000000	481
527	URAVL	1349.000000	95.000000	49.000000	482
488	URAVR	1351.917336	102.041332	69.110218	483
508	URBL	1360.000000	66.000000	41.000000	484
480	URBR	1361.000000	77.000000	89.000000	485
414	URXL	1275.000000	48.000000	60.000000	486
404	URXR	1281.000000	46.000000	76.000000	487
497	URYDL	1349.000000	53.000000	48.000000	488
476	URYDR	1346.000000	56.000000	87.000000	489
507	URYVL	1354.000000	80.000000	45.000000	490
483	URYVR	1361.000000	94.000000	82.000000	491
538	V1L	1013.000000	76.000000	39.000000	492
182	V1R	999.000000	83.000000	92.000000	493
541	V2L	910.000000	85.000000	44.000000	494
185	V2R	889.000000	88.000000	93.000000	495
544	V3L	787.000000	80.000000	44.000000	496
188	V3R	775.000000	84.000000	93.000000	497
547	V4L	621.000000	74.000000	44.000000	498
190	V4R	632.000000	83.000000	93.000000	499
552	V5L	475.000000	66.000000	49.000000	500
194	V5R	475.431655	70.712230	91.863309	501
554	V6L	397.000000	67.000000	49.000000	502
197	V6R	389.000000	71.000000	91.000000	503
49	VIRL	304.000000	58.000000	58.000000	504
68	VIRR	304.000000	58.000000	69.000000	505
95	VL1	1512.568096	81.034504	45.681205	506
87	VL10	1064.000000	98.000000	51.000000	507
13	VL11	948.751256	108.266960	59.457286	508
86	VL12	901.000000	100.000000	55.000000	509
12	VL13	846.141993	105.444600	57.880819	510
85	VL14	767.000000	95.000000	52.000000	511
10	VL15	713.060327	101.950669	58.942348	512
82	VL16	609.000000	91.000000	53.000000	513
81	VL17	476.000000	86.000000	53.000000	514
80	VL18	385.000000	85.000000	53.000000	515
78	VL19	217.069364	84.965318	64.843931	516
3	VL2	1476.890952	93.987846	47.380824	517
94	VL3	1440.000000	99.000000	49.000000	518
1	VL4	1387.557169	94.911501	43.190002	519
93	VL5	1323.000000	105.000000	50.000000	520
92	VL6	1311.000000	95.000000	42.000000	521
91	VL7	1214.590368	105.324646	47.509348	522
89	VL8	1162.941913	101.961276	47.941913	523
88	VL9	1097.323263	104.306949	52.096073	524
308	VPI1	1085.000000	58.000000	65.000000	525
306	VPI2DL	1090.000000	69.000000	51.000000	526
305	VPI2DR	1090.000000	74.000000	79.000000	527
310	VPI2V	1095.000000	98.000000	69.000000	528
307	VPI3D	1076.837209	64.122093	65.000000	529
309	VPI3V	1086.623472	93.811736	69.000000	530
25	VR1	1518.778814	92.339151	82.576387	531
141	VR10	1076.000000	101.000000	81.000000	532
140	VR11	996.083243	106.482162	77.475459	533
147	VR12	928.000000	105.000000	86.000000	534
24	VR13	887.116946	104.621967	80.504812	535
148	VR14	810.000000	101.000000	82.000000	536
21	VR15	755.881428	100.370433	77.614513	537
151	VR16	629.000000	99.000000	81.000000	538
152	VR17	558.000000	96.000000	81.000000	539
153	VR18	487.000000	92.000000	81.000000	540
154	VR19	384.000000	89.000000	81.000000	541
137	VR2	1484.986776	101.476065	76.953716	542
79	VR20	213.000000	87.000000	74.000000	543
146	VR3	1444.000000	103.000000	74.000000	544
138	VR4	1393.034109	103.156997	79.526299	545
145	VR5	1324.933254	109.200238	74.233611	546
144	VR6	1317.000000	102.000000	81.000000	547
20	VR7	1217.445207	110.831282	73.238547	548
143	VR8	1162.000000	104.000000	82.000000	549
139	VR9	1109.226850	108.400149	75.973782	550
277	W	1208.000000	107.000000	59.000000	551
522	XXXL	1373.000000	79.000000	38.000000	552
459	XXXR	1385.000000	87.000000	86.000000	553
70	YPDA	275.000000	88.000000	63.000000	554
19	Z1	725.008653	96.528781	76.304929	555
150	Z2	697.000000	91.000000	82.000000	556
84	Z3	659.000000	94.000000	59.000000	557
83	Z4	633.701639	93.673953	56.935519	558
