label_number	label_name	x	y	z	Aligned_No
216	ADAL	1126.605316	53.279946	76.710296	1
263	ADAR	1147.712230	55.431655	38.136691	2
226	ADEL	1141.155112	61.870740	76.155112	3
265	ADER	1152.315653	70.078913	41.447607	4
217	ADESHL	1072.118856	56.930891	74.784927	5
262	ADESHR	1097.042424	61.042424	36.618182	6
242	ADFL	1222.000000	81.966254	69.016873	7
551	ADFR	1229.000000	81.000000	48.000000	8
257	ADLL	1198.000000	92.000000	64.000000	9
109	ADLR	1206.509086	90.853776	54.903180	10
238	AFDL	1234.963595	74.936291	76.063709	11
271	AFDR	1238.933433	77.940912	39.909499	12
296	AIAL	1218.877608	48.244784	65.856745	13
306	AIAR	1219.989876	45.979753	58.030371	14
246	AIBL	1226.000000	65.000000	70.000000	15
275	AIBR	1228.000000	66.000000	48.000000	16
168	AIML	1171.266051	42.494723	65.330695	17
111	AIMR	1176.912942	44.190875	54.528864	18
235	AINL	1146.918075	76.000000	77.655397	19
26	AINR	1155.291011	84.440075	40.752060	20
314	AIYL	1167.000000	51.000000	71.000000	21
67	AIYR	1179.891572	51.310706	47.920729	22
243	AIZL	1159.000000	66.000000	73.000000	23
273	AIZR	1172.200238	70.933254	46.766389	24
344	ALA	1268.000000	92.000000	60.000000	25
195	ALML	894.860623	78.850075	72.805625	26
39	ALMR	840.574178	85.388841	44.398356	27
488	ALNL	253.872107	72.023143	66.315469	28
501	ALNR	256.000000	76.000000	52.000000	29
555	AMSHL	1096.000000	85.000000	78.000000	30
261	AMSHR	1111.117172	93.498485	38.020707	31
206	AMSOL	1419.699149	81.970942	72.829175	32
12	AMSOR	1436.769682	73.729650	38.250067	33
218	ARCADL	1469.055513	67.295120	77.214304	34
363	ARCADR	1455.000000	67.000000	38.000000	35
375	ARCAV	1532.000000	46.000000	53.000000	36
386	ARCPD	1505.089224	96.091541	53.892236	37
207	ARCPDL	1438.454319	79.606174	74.736868	38
31	ARCPDR	1422.661914	79.464358	42.632237	39
377	ARCPV	1495.057108	43.258809	62.279465	40
329	ARCPVL	1450.605919	59.000000	76.182243	41
362	ARCPVR	1448.220612	57.000000	39.676329	42
233	ASEL	1191.907534	75.383562	77.663527	43
5	ASER	1196.507488	76.048253	37.439601	44
241	ASGL	1193.935409	86.919262	72.129181	45
44	ASGR	1197.030619	90.340292	43.757481	46
220	ASHL	1213.845434	68.463697	77.524276	47
267	ASHR	1218.000000	71.000000	40.000000	48
256	ASIL	1180.000000	86.000000	66.000000	49
282	ASIR	1183.000000	89.000000	54.000000	50
232	ASJL	1192.000000	59.000000	76.000000	51
15	ASJR	1197.553492	56.038353	38.335890	52
258	ASKL	1222.000000	92.000000	64.000000	53
90	ASKR	1227.447534	92.587618	52.971668	54
231	AUAL	1211.000000	52.278649	77.238842	55
266	AUAR	1217.713574	53.057285	41.599004	56
239	AVAL	1255.898225	70.861538	76.177515	57
25	AVAR	1258.076267	72.500753	38.644255	58
254	AVBL	1167.000000	81.000000	73.000000	59
33	AVBR	1189.166511	78.422181	48.131407	60
234	AVDL	1171.080378	72.825059	77.119385	61
268	AVDR	1175.627575	73.418384	40.954041	62
247	AVEL	1248.000000	66.000000	70.000000	63
73	AVER	1250.363975	67.008696	48.539130	64
286	AVG	1149.000000	37.000000	56.000000	65
237	AVHL	1177.854033	84.927017	74.583867	66
270	AVHR	1179.972696	90.009101	43.908987	67
236	AVJL	1157.878077	85.903869	77.158265	68
269	AVJR	1170.241730	85.660305	43.688295	69
176	AVKL	1152.537853	46.545009	68.672693	70
313	AVKR	1150.000000	52.000000	45.000000	71
307	AVL	1223.000000	52.000000	49.000000	72
174	AWAL	1208.285437	76.621036	67.022977	73
272	AWAR	1211.983051	78.960452	49.045198	74
240	AWBL	1211.000000	83.000000	77.000000	75
552	AWBR	1215.000000	86.000000	41.000000	76
224	AWCL	1230.881077	61.142008	79.421126	77
9	AWCR	1235.486419	62.193256	38.253200	78
121	B	268.528398	51.711968	56.735548	79
319	BAGL	1312.981797	62.927190	77.063709	80
22	BAGR	1311.852041	55.162480	40.257064	81
205	BDUL	1004.079743	59.469294	73.840819	82
18	BDUR	991.977146	69.965719	40.916945	83
204	CANL	732.724609	61.086142	74.403613	84
530	CANR	753.000000	77.000000	42.000000	85
142	CCLA	749.182575	41.688020	63.681614	86
444	CCLP	732.383489	43.712383	66.424767	87
14	CCRA	978.165190	43.107869	41.861647	88
45	CCRP	952.559538	36.552173	47.165480	89
208	CEPDL	1262.965336	92.638438	71.000439	90
60	CEPDR	1269.629852	93.963303	46.507057	91
338	CEPSHDL	1301.000000	81.000000	74.000000	92
369	CEPSHDR	1300.960452	78.954802	44.016949	93
321	CEPSHVL	1295.000000	49.000000	74.000000	94
350	CEPSHVR	1295.000000	46.000000	45.000000	95
334	CEPSODL	1347.000000	86.000000	74.000000	96
364	CEPSODR	1339.205562	78.794438	40.753325	97
193	CEPSOVL	1335.748458	44.186772	71.812886	98
355	CEPSOVR	1337.000000	39.000000	48.000000	99
324	CEPVL	1295.000000	36.000000	64.000000	100
352	CEPVR	1295.713574	32.942715	53.400996	101
103	DA1	1097.478148	31.085788	55.234704	102
92	DA2	1029.023070	30.244306	55.427093	103
83	DA3	976.951206	27.429893	53.665732	104
549	DA4	857.000000	30.000000	54.000000	105
75	DA5	701.653553	37.941942	52.243972	106
104	DA6	550.874493	43.314309	56.023262	107
550	DA7	409.000000	44.000000	57.000000	108
503	DA8	319.772837	52.848558	63.227163	109
42	DA9	317.344784	56.470229	46.389822	110
284	DB1	1132.000000	30.000000	56.000000	111
291	DB2	1195.000000	29.000000	61.000000	112
91	DB3	1067.602757	30.916640	54.817890	113
84	DB4	911.406937	28.873473	54.481192	114
78	DB5	738.874965	37.546147	52.563647	115
94	DB6	575.231918	42.721840	55.434195	116
95	DB7	432.426669	44.338956	56.427379	117
283	DD1	1127.848558	36.227163	62.227163	118
102	DD2	996.992636	30.718319	55.405032	119
85	DD3	835.102921	30.707650	54.207232	120
79	DD4	639.190772	39.735118	53.286636	121
93	DD5	460.925065	41.456221	55.190343	122
504	DD6	325.861789	56.960511	57.138211	123
495	DEP	260.315653	74.921087	59.552393	124
480	DL1	1489.051523	83.165560	72.421113	125
474	DL10	1050.043890	91.545436	70.559654	126
163	DL11	969.945621	91.467351	66.277353	127
473	DL12	898.823689	89.336573	67.337929	128
155	DL13	848.069444	88.902564	66.660043	129
184	DL14	778.432901	87.196205	68.985192	130
175	DL15	730.781485	88.609368	68.827221	131
185	DL16	643.241872	88.106295	68.402813	132
472	DL17	577.031098	89.464841	66.716872	133
471	DL18	485.000000	83.000000	67.000000	134
470	DL19	434.000000	86.000000	65.000000	135
191	DL2	1458.146086	88.366021	70.137611	136
154	DL20	392.789162	87.233572	63.776705	137
469	DL21	236.000000	78.000000	60.000000	138
479	DL3	1427.000000	93.000000	69.000000	139
209	DL4	1375.548161	92.609807	74.262347	140
478	DL5	1307.496546	95.029663	69.425437	141
477	DL6	1278.438392	88.035687	74.404959	142
475	DL7	1162.000000	101.000000	67.710526	143
196	DL8	1116.679358	101.828277	71.873686	144
164	DL9	1069.675345	99.245980	67.091692	145
20	DR1	1472.562769	81.122743	40.568573	146
57	DR10	1056.693904	95.970817	48.166450	147
82	DR11	1015.473335	95.539946	53.605105	148
459	DR12	933.586036	91.524609	47.279664	149
460	DR13	887.738020	92.984992	52.289626	150
461	DR14	824.341994	92.241617	50.403731	151
462	DR15	773.367742	93.961513	55.127030	152
463	DR16	671.329193	95.766859	52.688997	153
464	DR17	617.026959	93.711290	52.861060	154
465	DR18	545.644013	91.121128	53.765372	155
466	DR19	472.000000	86.000000	54.000000	156
51	DR2	1451.217295	87.551220	43.779823	157
467	DR20	399.017330	89.765773	52.048741	158
468	DR21	289.000000	82.000000	54.000000	159
61	DR3	1417.733015	93.497346	46.837845	160
34	DR4	1372.389738	88.781825	40.808852	161
66	DR5	1297.194122	94.769142	47.283836	162
457	DR6	1308.000000	87.000000	41.000000	163
458	DR7	1179.339853	101.665526	55.013692	164
62	DR8	1148.945753	103.236571	47.585075	165
74	DR9	1095.976372	106.884990	49.279187	166
496	DVA	279.000000	70.000000	59.000000	167
494	DVC	251.000000	65.000000	59.000000	168
429	E1D	1477.000000	88.000000	57.000000	169
431	E1VL	1488.078978	61.118467	67.861789	170
430	E1VR	1486.080000	59.068571	45.057143	171
89	E2D	1556.496594	87.153812	53.471325	172
148	E2VL	1563.150976	62.319108	63.642719	173
53	E2VR	1558.592414	60.211023	46.346815	174
422	E3D	1416.000000	85.000000	58.000000	175
427	E3VL	1453.000000	59.000000	69.000000	176
426	E3VR	1453.787010	57.578737	49.767054	177
152	EXC	1188.722123	45.413051	63.992470	178
311	EXC/DUCT	1203.000000	56.000000	69.000000	179
186	EXC/GL/L	1107.209576	39.993406	69.338876	180
29	EXC/GL/R	1125.456402	44.574503	42.717163	181
497	F	292.000000	64.000000	59.000000	182
227	FLPL	1153.000000	55.000000	77.000000	183
264	FLPR	1162.860806	61.278388	38.721612	184
128	G1	1252.708127	27.511476	59.986042	185
173	G1AL	1130.884444	81.108148	68.301037	186
64	G1AR	1133.231405	79.709563	48.008855	187
393	G1P	1076.774354	86.459904	48.881148	188
149	G2	1231.358779	33.947837	60.945293	189
169	G2L	1081.107881	50.140105	64.893170	190
68	G2R	1083.887285	49.516657	50.215436	191
251	GLRDL	1264.941040	82.875145	64.090173	192
279	GLRDR	1270.011299	82.949153	53.966102	193
252	GLRL	1260.759700	58.420526	68.180225	194
557	GLRR	1263.000000	59.000000	49.000000	195
253	GLRVL	1265.000000	51.000000	65.000000	196
280	GLRVR	1266.041332	49.876005	53.055109	197
221	H0L	1419.279925	69.748067	78.542255	198
11	H0R	1409.175557	67.767292	37.037808	199
315	H1L	1288.659574	65.401596	78.593750	200
345	H1R	1292.248252	59.241958	39.132867	201
225	H2L	1100.566817	67.868517	78.458145	202
260	H2R	1139.740227	73.340153	37.027768	203
476	HMC	1162.000000	101.000000	59.000000	204
187	HSNL	695.789403	48.331441	69.330360	205
531	HSNR	686.000000	63.000000	40.000000	206
113	HYP101	103.262639	67.594540	55.926188	207
122	HYP102	76.218613	65.461975	56.697345	208
482	HYP11	156.914994	69.198347	61.170012	209
330	HYP1L	1403.000000	82.000000	76.000000	210
19	HYP1R	1406.298046	80.915904	41.287905	211
366	HYP1V	1432.000000	52.000000	42.000000	212
215	HYP2L	1457.596163	77.246637	76.161684	213
376	HYP2V	1521.000000	45.000000	58.000000	214
81	HYP31	1554.362678	96.219373	54.007123	215
99	HYP32	1531.392418	97.138934	55.061475	216
98	HYP4D	1613.721798	85.675955	54.428539	217
374	HYP4V1	1601.192479	51.077556	54.674501	218
105	HYP4V2	1566.477425	48.167631	55.155823	219
213	HYP5L	1528.611111	72.109989	74.465021	220
10	HYP5R	1513.781708	68.202890	36.488116	221
116	HYP6D1	1482.200299	100.486298	55.135027	222
391	HYP6D2	1421.016873	95.033746	58.000000	223
124	HYP6D3	1389.725858	100.525483	57.521996	224
115	HYP6D4	1366.801287	100.483067	56.692135	225
385	HYP6V1	1494.000000	35.000000	57.000000	226
384	HYP6V2	1453.000000	34.000000	57.000000	227
486	HYP71	204.000000	58.000000	56.000000	228
97	HYP72	186.139520	63.461669	55.600127	229
509	HYP7ABLD	1033.251120	68.579875	76.388773	230
508	HYP7ABLV	1049.000000	54.000000	77.000000	231
522	HYP7ABR3	1059.058285	82.039689	37.479600	232
523	HYP7ABRD	1014.302906	73.277757	38.094821	233
521	HYP7ABRV	1048.879071	57.905829	36.213856	234
133	HYP7D1	1336.497521	100.185124	59.054876	235
390	HYP7D2	1267.101871	103.415252	61.129209	236
214	HYP7LC1	949.270059	69.305121	75.794684	237
543	HYP7LC2	809.038629	65.930468	75.077257	238
513	HYP7LC3	716.397500	72.180000	76.322500	239
515	HYP7LC4	628.346781	69.479916	75.100859	240
517	HYP7LC5	530.137012	74.078134	74.686540	241
520	HYP7LC6	313.766434	76.877739	72.850598	242
525	HYP7RC1	925.005159	76.926634	39.112724	243
527	HYP7RC2	824.419966	73.227316	39.124077	244
532	HYP7RC3	692.506782	81.175269	40.251365	245
533	HYP7RC4	594.734220	84.742982	43.499108	246
536	HYP7RC5	468.868675	77.959991	42.025182	247
539	HYP7RC6	316.775080	83.690287	43.285430	248
379	HYP7V1	1359.867993	26.247016	59.384448	249
378	HYP7V2	1311.000000	25.000000	61.000000	250
483	HYP8	160.000000	62.000000	55.000000	251
481	HYP9	135.660508	66.878673	54.644924	252
424	I1L	1412.000000	60.000000	68.000000	253
423	I1R	1410.000000	57.000000	50.000000	254
413	I2L	1377.000000	55.000000	72.000000	255
410	I2R	1372.000000	49.000000	45.000000	256
123	I3	1353.803589	84.283883	58.028196	257
126	I4	1142.032542	93.226102	57.368814	258
129	I5	1128.436968	49.385860	58.778109	259
192	I6	1120.477769	92.374901	67.829782	260
341	IL1DL	1329.077016	87.000000	64.346570	261
372	IL1DR	1327.000000	87.000000	55.000000	262
317	IL1L	1333.000000	62.000000	75.000000	263
347	IL1R	1334.170012	57.085006	43.801653	264
325	IL1VL	1307.983051	35.056497	57.983051	265
354	IL1VR	1329.000000	35.000000	59.000000	266
146	IL2DL	1352.158679	96.339860	63.903273	267
65	IL2DR	1346.871626	91.667067	48.142172	268
210	IL2L	1359.026678	70.634763	78.035479	269
4	IL2R	1348.658352	64.113554	37.698064	270
323	IL2VL	1339.957576	32.042424	64.381818	271
353	IL2VR	1341.008979	30.982043	55.015713	272
331	ILSHDL	1388.954933	84.180268	75.360536	273
365	ILSHDR	1391.000000	84.000000	41.000000	274
188	ILSHL	1404.254545	57.699835	74.697851	275
359	ILSHR	1400.000000	46.000000	43.000000	276
381	ILSHVL	1445.920000	39.057143	63.068571	277
383	ILSHVR	1464.000000	40.000000	52.000000	278
388	ILSODL	1497.994401	95.010078	62.005599	279
387	ILSODR	1468.902778	94.052083	52.872685	280
553	ILSOL	1433.000000	59.000000	76.000000	281
361	ILSOR	1420.000000	55.000000	41.000000	282
380	ILSOVL	1469.000000	40.000000	63.000000	283
382	ILSOVR	1492.942715	42.400996	51.713574	284
507	IML	360.353552	55.938251	68.028415	285
506	IMR	369.791148	63.208852	43.161826	286
114	IND2	946.981361	81.599030	57.174723	287
131	IND3	876.298548	77.954539	58.796037	288
544	IND4	805.496649	77.138740	64.231568	289
88	IND5	742.832876	84.020184	53.853867	290
132	IND6	596.768265	81.163971	59.441997	291
107	IND7	499.911495	78.380264	55.750153	292
545	IND8	418.958104	80.965659	55.917926	293
183	IND9	360.235551	78.244268	66.400417	294
172	INDL1	1004.155434	79.652541	67.856763	295
542	INDR1	999.279994	83.960753	49.802648	296
138	INV2	958.515399	40.153297	61.272838	297
106	INV3	906.441461	46.799946	55.636144	298
125	INV4	820.405980	42.955755	57.696682	299
159	INV5	710.897815	62.314447	64.322199	300
86	INV6	636.953158	58.172313	53.809703	301
546	INV7	527.207705	57.770248	58.437689	302
547	INV8	444.986756	54.318047	59.817553	303
548	INV9	372.892219	58.830705	52.660883	304
150	INVL1	1018.711419	41.791135	64.481394	305
52	INVR1	1005.166116	50.729235	47.541529	306
492	K	293.000000	76.000000	66.000000	307
498	K'	301.881533	77.921022	51.138211	308
181	LUAL	267.600423	69.468288	69.757223	309
56	LUAR	270.922069	75.029401	47.827488	310
535	M	550.505714	80.194286	48.482143	311
396	M1	1120.000000	91.000000	48.000000	312
398	M2L	1135.000000	67.000000	70.000000	313
397	M2R	1137.000000	63.000000	47.000000	314
179	M3L	1329.213975	56.226285	65.555757	315
404	M3R	1328.000000	54.000000	51.000000	316
140	M4	1328.621979	72.942175	59.292865	317
162	M5	1085.023598	87.488962	67.555189	318
416	MC1DL	1390.056671	79.858323	67.226682	319
415	MC1DR	1386.000000	74.000000	47.000000	320
414	MC1V	1386.262097	42.895161	59.163018	321
171	MC2DL	1163.522439	76.747248	63.397968	322
403	MC2DR	1164.685969	75.208241	53.987194	323
130	MC2V	1160.611358	57.994289	58.973985	324
554	MC3DL	1088.799043	78.821770	70.799043	325
32	MC3DR	1096.117291	79.864315	42.529106	326
395	MC3V	1094.446512	44.777674	58.713178	327
412	MCL	1381.383489	58.287617	65.424767	328
411	MCR	1379.000000	56.000000	52.000000	329
405	MI	1369.073906	89.948718	55.687783	330
177	NSML	1359.195660	54.283147	68.666667	331
69	NSMR	1354.957214	51.082744	49.669378	332
335	OLLL	1332.000000	76.000000	71.000000	333
367	OLLR	1330.000000	71.000000	46.000000	334
327	OLLSHL	1391.819732	66.954933	78.360536	335
358	OLLSHR	1387.948864	58.965909	38.931818	336
333	OLLSOL	1361.000000	83.000000	76.000000	337
13	OLLSOR	1355.641773	77.942874	39.362392	338
342	OLQDL	1314.748397	88.298077	65.453526	339
373	OLQDR	1314.000000	87.000000	52.000000	340
332	OLQSHDL	1378.000000	80.000000	79.000000	341
3	OLQSHDR	1376.175217	75.443123	36.699876	342
326	OLQSHVL	1376.041763	63.048724	79.142691	343
357	OLQSHVR	1363.921022	54.861789	37.881533	344
389	OLQSODL	1471.870740	94.155112	63.155112	345
100	OLQSODR	1443.744258	92.998599	53.678151	346
328	OLQSOVL	1420.017957	55.991021	75.015713	347
360	OLQSOVR	1410.941847	48.931585	41.979475	348
320	OLQVL	1309.000000	50.000000	73.000000	349
349	OLQVR	1309.000000	46.000000	48.000000	350
202	P1/2L	935.842908	40.360429	73.664839	351
524	P1/2R	941.283662	49.216216	37.012174	352
519	P11/12L	344.000000	61.000000	73.000000	353
538	P11/12R	340.464898	65.096070	40.913671	354
511	P3/4L	840.612950	43.274928	72.759206	355
1	P3/4R	845.526215	52.402442	37.321044	356
512	P5/6L	722.153368	47.770466	73.029534	357
529	P5/6R	738.130492	59.295035	37.807557	358
194	P7/8L	597.665502	49.004109	72.060407	359
8	P7/8R	601.181326	60.068241	39.002816	360
518	P9/10L	469.071619	48.127205	70.766435	361
23	P9/10R	470.313841	60.529592	40.159161	362
490	PHAL	284.000000	56.000000	67.000000	363
49	PHAR	286.103567	56.690037	46.186470	364
489	PHBL	277.990950	65.983032	69.057692	365
50	PHBR	282.086657	69.917934	45.395122	366
487	PHSHL	241.000000	69.000000	66.000000	367
500	PHSHR	243.000000	72.000000	50.000000	368
485	PLML	202.910408	63.447958	62.537549	369
72	PLMR	230.410650	64.827537	50.937875	370
417	PM1DL	1387.713574	85.057285	59.400996	371
418	PM1DR	1393.000000	84.000000	52.000000	372
421	PM1L	1396.000000	68.000000	70.000000	373
419	PM1R	1394.000000	63.000000	47.000000	374
157	PM1VL	1396.583273	51.174838	64.779019	375
420	PM1VR	1392.000000	51.000000	51.000000	376
434	PM2D1	1525.000000	88.000000	57.000000	377
433	PM2D2	1503.000000	86.000000	57.000000	378
436	PM2VL1	1531.000000	61.000000	66.000000	379
435	PM2VL2	1513.000000	61.000000	66.000000	380
37	PM2VR1	1528.141160	59.788685	45.636209	381
54	PM2VR2	1510.532704	59.811147	46.845924	382
428	PM3DL	1473.655286	79.556796	60.147735	383
425	PM3DR	1450.186047	79.735327	53.732743	384
161	PM3L	1436.840456	66.581197	66.308761	385
63	PM3R	1425.620479	64.316489	49.800798	386
432	PM3VL	1474.000000	56.000000	63.000000	387
558	PM3VR	1467.000000	57.000000	51.000000	388
406	PM4DL	1367.069149	84.871373	64.770793	389
409	PM4DR	1362.550000	82.302800	48.446400	390
407	PM4L	1370.000000	67.000000	71.000000	391
408	PM4R	1368.000000	62.000000	44.000000	392
170	PM4VL	1369.922531	44.760201	64.751035	393
80	PM4VR	1371.791734	41.775589	52.890862	394
167	PM5DL	1152.278781	87.128292	62.824680	395
108	PM5DR	1151.219298	83.547149	52.746711	396
401	PM5L	1148.000000	76.000000	69.000000	397
402	PM5R	1148.000000	69.000000	49.000000	398
400	PM5VL	1141.000000	56.000000	65.000000	399
399	PM5VR	1141.000000	54.982659	54.826590	400
145	PM6D	1118.750193	92.026214	58.035852	401
180	PM6VL	1117.425290	62.831837	68.758976	402
58	PM6VR	1119.324724	59.938660	47.955340	403
127	PM7D	1093.139844	96.357971	58.576667	404
160	PM7VL	1092.778322	60.054545	68.493007	405
394	PM7VR	1096.000000	60.000000	46.000000	406
136	PM8	1069.336044	62.846211	61.275046	407
178	PVCL	261.019165	59.102937	68.360124	408
55	PVCR	263.988628	64.417162	46.650039	409
139	PVPL	339.430206	52.391631	62.610003	410
505	PVPR	332.980256	58.921022	50.177700	411
189	PVQL	297.655012	62.905724	71.586895	412
38	PVQR	298.034273	64.824745	43.243072	413
484	PVR	204.276006	75.361997	54.361997	414
70	PVT	351.996537	53.458093	50.816440	415
516	QL	554.061594	57.848833	73.193639	416
534	QR	556.000000	69.000000	42.000000	417
493	REPD	307.005599	83.005599	60.010078	418
182	REPVL	317.126782	65.605901	70.390348	419
30	REPVR	318.389467	71.379747	43.462703	420
249	RIAL	1239.000000	82.000000	69.000000	421
277	RIAR	1245.000000	83.000000	48.000000	422
245	RIBL	1193.000000	71.000000	70.000000	423
274	RIBR	1207.000000	64.000000	47.000000	424
228	RICL	1170.060642	58.174792	77.189061	425
7	RICR	1178.273254	59.136466	37.829739	426
134	RID	1293.804864	97.560795	58.971827	427
288	RIFL	1161.000000	33.000000	62.000000	428
287	RIFR	1161.000000	39.390152	55.609848	429
285	RIGL	1144.672302	37.000000	63.573472	430
110	RIGR	1113.986083	32.197813	57.455931	431
298	RIH	1250.744741	46.000000	58.893408	432
244	RIML	1177.000000	65.000000	72.000000	433
59	RIMR	1190.087579	64.442105	46.816421	434
336	RIPL	1315.000000	71.000000	70.000000	435
43	RIPR	1316.408170	65.382849	47.460837	436
308	RIR	1238.889782	54.041332	52.082664	437
312	RIS	1166.000000	55.000000	45.000000	438
255	RIVL	1162.000000	91.733728	70.088757	439
281	RIVR	1165.000000	91.000000	49.000000	440
292	RMDDL	1256.302013	43.899329	72.704698	441
301	RMDDR	1258.307403	40.692597	45.692597	442
230	RMDL	1262.134752	56.865248	75.943262	443
556	RMDR	1265.140127	54.719745	41.509554	444
222	RMDVL	1273.197419	71.867742	77.755484	445
17	RMDVR	1279.891613	69.414353	39.978736	446
343	RMED	1310.638003	90.361997	58.723994	447
337	RMEL	1299.000000	68.000000	74.000000	448
368	RMER	1302.000000	64.000000	44.000000	449
117	RMEV	1281.504648	30.748340	59.485724	450
212	RMGL	1105.085627	51.572977	76.489297	451
2	RMGR	1132.053518	57.273903	36.839447	452
293	SAADL	1253.244784	44.877608	65.856745	453
302	SAADR	1253.246675	45.794438	51.205562	454
250	SAAVL	1260.848558	76.772837	70.227163	455
278	SAAVR	1264.713574	78.770859	47.656289	456
76	SABD	1136.568016	39.505263	49.819028	457
290	SABVL	1177.000000	30.000000	61.000000	458
289	SABVR	1172.103560	32.448220	56.103560	459
295	SIADL	1224.212121	51.127273	72.296970	460
305	SIADR	1208.000000	46.000000	46.000000	461
294	SIAVL	1210.889782	44.958668	71.082664	462
304	SIAVR	1206.786284	47.213716	53.282297	463
229	SIBDL	1244.213716	56.213716	78.282297	464
310	SIBDR	1250.000000	55.000000	41.000000	465
297	SIBVL	1243.000000	55.000000	71.000000	466
309	SIBVR	1246.584879	50.446505	46.691869	467
197	SMBDL	1227.124424	38.589862	70.211982	468
299	SMBDR	1221.001120	39.993281	47.988802	469
158	SMBVL	1235.756602	48.538732	63.466109	470
303	SMBVR	1233.000000	40.000000	54.000000	471
198	SMDDL	1241.979125	41.151590	72.474155	472
300	SMDDR	1239.122093	40.000000	45.837209	473
248	SMDVL	1248.071510	85.023837	74.039728	474
276	SMDVR	1255.000000	88.000000	44.000000	475
165	SPH	334.006983	63.169275	70.369131	476
153	TL	221.904168	68.456175	64.242696	477
499	TR	215.975682	70.681978	50.570116	478
137	U	310.226415	61.045204	59.636006	479
340	URADL	1335.368883	88.061481	70.368883	480
371	URADR	1334.039548	83.983051	46.954802	481
322	URAVL	1316.508744	35.197138	63.917329	482
351	URAVR	1319.000000	34.000000	52.000000	483
316	URBL	1335.299443	70.245125	77.458217	484
346	URBR	1328.860806	64.000000	38.721612	485
259	URXL	1245.000000	92.000000	64.000000	486
101	URXR	1251.665980	92.613800	53.613457	487
339	URYDL	1319.110852	83.889148	72.155193	488
370	URYDR	1317.222222	81.642401	45.584930	489
318	URYVL	1323.000000	51.000000	76.000000	490
348	URYVR	1323.963595	46.936291	43.936291	491
211	V1L	967.842292	48.463501	75.298473	492
6	V1R	969.365888	54.837306	38.372368	493
510	V2L	889.786895	47.656256	74.333946	494
526	V2R	891.764633	54.813103	38.059766	495
201	V3L	776.663784	48.993946	73.088216	496
528	V3R	782.676299	60.254499	37.878327	497
514	V4L	644.549367	50.580591	73.069761	498
16	V4R	641.226099	65.266923	39.998604	499
203	V5L	493.208720	57.250829	72.975464	500
24	V5R	500.889922	64.915619	41.134864	501
190	V6L	425.031406	60.425410	72.083869	502
537	V6R	425.078039	69.432611	40.596401	503
491	VIRL	329.071856	76.964072	62.676647	504
502	VIRR	328.000000	76.000000	52.000000	505
437	VL1	1484.000000	55.000000	75.000000	506
442	VL10	1055.489762	36.431101	68.521859	507
141	VL11	985.018198	31.353977	64.353390	508
156	VL12	913.935895	37.553535	67.052512	509
443	VL13	860.180225	34.240300	61.420526	510
151	VL14	789.413859	40.415771	64.720430	511
118	VL15	720.153478	41.787042	58.199681	512
445	VL16	633.460390	44.142472	66.464330	513
143	VL17	516.944156	45.721675	64.193127	514
446	VL18	399.805546	49.263615	65.354828	515
144	VL19	240.864446	54.467835	63.075531	516
200	VL2	1456.925780	44.942367	72.130728	517
438	VL3	1411.143789	40.840045	69.948383	518
223	VL4	1360.499276	45.281838	77.087554	519
439	VL5	1310.209593	34.365966	71.374507	520
440	VL6	1290.139507	39.747218	75.518283	521
441	VL7	1200.052479	35.004545	67.647107	522
199	VL8	1131.562882	41.391266	71.068559	523
147	VL9	1087.678755	34.086129	64.289513	524
77	VPI1	1059.431973	82.599163	53.059131	525
166	VPI2DL	1060.250605	71.130448	68.461562	526
392	VPI2DR	1064.000000	68.000000	44.000000	527
112	VPI2V	1068.451208	45.776490	57.616103	528
87	VPI3D	1051.036677	73.594391	58.078749	529
96	VPI3V	1058.647393	48.023058	59.979425	530
456	VR1	1473.327374	51.844693	40.493855	531
451	VR10	1069.430625	41.398994	42.591181	532
450	VR11	1012.302156	36.590056	47.052503	533
21	VR12	930.787988	41.199692	43.869867	534
449	VR13	891.970454	38.338327	45.392426	535
28	VR14	817.146915	43.791196	43.831264	536
36	VR15	750.331245	47.953145	44.784766	537
40	VR16	668.152143	50.705714	44.568571	538
41	VR17	583.108214	54.680895	44.988925	539
448	VR18	517.816763	50.611235	44.724030	540
47	VR19	416.435116	52.799118	45.705003	541
455	VR2	1447.457266	42.035584	44.570668	542
447	VR20	246.472045	56.952345	50.164353	543
71	VR3	1408.753628	35.591294	49.985187	544
27	VR4	1356.549252	41.413505	41.036199	545
454	VR5	1303.139971	33.133478	45.767677	546
35	VR6	1279.995840	40.939486	42.651286	547
453	VR7	1190.314071	36.002889	47.858422	548
46	VR8	1155.192857	39.383929	43.618929	549
452	VR9	1107.774886	36.897236	45.010464	550
135	W	1216.367632	27.813187	59.698302	551
219	XXXL	1348.816234	59.512589	76.606539	552
356	XXXR	1345.000000	52.000000	41.000000	553
119	YPDA	299.864589	46.604489	56.243392	554
540	Z1	722.931783	52.281860	47.111209	555
48	Z2	699.061520	54.893186	48.669686	556
541	Z3	674.616311	49.939646	60.460186	557
120	Z4	654.425295	46.933814	60.046090	558
