label_number	label_name	x	y	z	Aligned_No
462	ADAL	1236.582790	66.582790	101.333768	1
22	ADAR	1257.272284	53.319003	45.671826	2
463	ADEL	1242.000000	72.000000	97.000000	3
5	ADER	1251.776682	68.266143	44.525112	4
461	ADESHL	1206.000000	72.000000	100.000000	5
24	ADESHR	1221.198949	56.369009	46.750930	6
473	ADFL	1332.000000	98.000000	94.000000	7
89	ADFR	1333.385929	84.196938	57.437739	8
180	ADLL	1311.514552	101.212859	75.968233	9
114	ADLR	1322.236155	97.154435	64.012157	10
283	AFDL	1341.957960	87.403400	99.872952	11
453	AFDR	1335.000000	80.000000	43.000000	12
492	AIAL	1309.000000	55.000000	80.000000	13
489	AIAR	1313.240300	51.819775	72.579474	14
246	AIBL	1327.970789	80.802983	88.890305	15
81	AIBR	1333.858992	68.786914	57.191393	16
395	AIML	1271.000000	57.000000	80.000000	17
397	AIMR	1279.000000	54.000000	70.000000	18
277	AINL	1251.795816	85.435217	97.322198	19
20	AINR	1263.282144	81.071377	44.477289	20
396	AIYL	1266.000000	59.000000	91.000000	21
398	AIYR	1279.000000	53.000000	59.000000	22
476	AIZL	1271.000000	75.000000	91.000000	23
9	AIZR	1290.669684	64.172016	46.279287	24
514	ALA	1365.133492	104.233611	71.833135	25
239	ALML	927.553971	107.243177	85.931891	26
23	ALMR	949.142883	97.841650	47.448536	27
209	ALNL	337.303727	88.662112	77.897516	28
99	ALNR	339.007586	91.665708	61.746273	29
296	AMSHL	1233.439005	99.514263	97.169330	30
13	AMSHR	1243.110018	89.375948	42.226798	31
266	AMSOL	1530.894458	89.121881	95.124972	32
41	AMSOR	1541.577813	81.034717	49.171788	33
537	ARCADL	1557.010090	75.983184	95.000000	34
31	ARCADR	1563.316931	72.574421	47.154933	35
540	ARCAV	1636.000000	53.000000	74.000000	36
217	ARCPD	1587.533385	99.363850	79.887063	37
252	ARCPDL	1512.966278	92.511284	92.407263	38
33	ARCPDR	1520.318640	83.919893	48.995748	39
544	ARCPV	1605.000000	49.000000	77.000000	40
261	ARCPVL	1536.527235	68.633307	93.987751	41
530	ARCPVR	1549.000000	62.000000	52.000000	42
279	ASEL	1292.620699	90.976700	101.508805	43
3	ASER	1302.772751	79.077275	41.600951	44
253	ASGL	1298.140010	101.365034	91.227426	45
39	ASGR	1310.751218	95.258528	50.346979	46
290	ASHL	1314.407236	88.164853	101.973613	47
1	ASHR	1318.797315	70.984595	42.131382	48
200	ASIL	1291.789704	98.949343	79.632804	49
457	ASIR	1299.000000	94.000000	59.000000	50
287	ASJL	1293.329170	75.747988	103.379129	51
448	ASJR	1306.179059	60.716237	46.104704	52
210	ASKL	1331.242814	100.538074	80.015885	53
76	ASKR	1340.524920	98.782715	57.652836	54
289	AUAL	1312.168681	74.825539	102.964267	55
15	AUAR	1329.480721	58.421883	45.152479	56
286	AVAL	1360.009038	85.969679	100.049563	57
4	AVAR	1360.527140	74.797704	42.520042	58
475	AVBL	1281.000000	90.000000	89.000000	59
55	AVBR	1286.630258	80.031813	54.940969	60
466	AVDL	1273.000000	87.000000	99.000000	61
2	AVDR	1280.616548	73.645626	41.327423	62
250	AVEL	1351.891135	79.352128	88.271986	63
74	AVER	1352.486662	69.634063	56.668605	64
402	AVG	1233.000000	39.000000	74.000000	65
467	AVHL	1277.141677	101.943329	95.226682	66
450	AVHR	1292.000000	93.000000	47.000000	67
267	AVJL	1263.110428	94.019973	96.698291	68
449	AVJR	1279.000000	87.936999	44.886598	69
244	AVKL	1253.397643	54.842742	87.362903	70
400	AVKR	1265.000000	52.000000	67.000000	71
494	AVL	1310.000000	69.082098	90.928164	72
474	AWAL	1316.000000	92.000000	86.000000	73
459	AWAR	1315.696299	80.675667	56.606189	74
555	AWBL	1317.000000	103.000000	94.000000	75
12	AWBR	1323.518553	87.677345	45.381194	76
288	AWCL	1330.098954	77.961489	103.027544	77
452	AWCR	1344.000000	72.000000	45.000000	78
551	B	363.000000	67.000000	66.000000	79
500	BAGL	1410.043528	75.911798	95.057274	80
523	BAGR	1412.000000	63.000000	52.000000	81
275	BDUL	1151.430269	75.335210	96.828643	82
316	BDUR	1118.000000	66.000000	48.000000	83
269	CANL	829.490602	91.727338	94.932429	84
34	CANR	814.505800	83.404978	47.677072	85
183	CCLA	862.656918	59.512970	75.680315	86
337	CCLP	837.931429	67.080000	88.057143	87
62	CCRA	1067.459125	54.507496	55.330002	88
92	CCRP	1046.360791	52.067030	60.868968	89
468	CEPDL	1362.019744	105.157956	83.118467	90
58	CEPDR	1372.421462	101.411022	54.611071	91
251	CEPSHDL	1396.827760	92.957254	90.668092	92
50	CEPSHDR	1395.342923	84.685558	50.934983	93
247	CEPSHVL	1393.450975	52.657271	88.855172	94
521	CEPSHVR	1395.000000	55.000000	58.000000	95
513	CEPSODL	1443.000000	98.000000	91.000000	96
528	CEPSODR	1437.000000	90.000000	50.000000	97
257	CEPSOVL	1436.955324	58.253611	91.375882	98
86	CEPSOVR	1436.532563	51.215686	58.687675	99
503	CEPVL	1401.000000	47.000000	81.000000	100
502	CEPVR	1397.983051	43.983051	70.943503	101
182	DA1	1179.285284	38.597653	74.644297	102
292	DA2	1118.002430	42.403579	77.506737	103
158	DA3	1027.793895	47.430294	73.787478	104
165	DA4	922.592115	50.299659	73.674754	105
140	DA5	783.388136	49.523194	69.048030	106
146	DA6	644.159081	53.038145	70.957521	107
118	DA7	521.211232	55.399050	65.574652	108
177	DA8	410.623975	63.834830	73.911363	109
389	DA9	417.744741	68.000000	58.106592	110
163	DB1	1213.723138	34.059657	74.486816	111
185	DB2	1273.937356	35.088778	77.096464	112
179	DB3	1144.481635	37.853077	74.239601	113
206	DB4	984.826299	48.143220	78.975186	114
175	DB5	845.870856	50.768890	73.493832	115
174	DB6	675.145100	52.616886	73.747773	116
121	DB7	546.391865	54.918445	65.749497	117
212	DD1	1223.706813	44.112870	80.930145	118
166	DD2	1058.288875	49.692686	73.634706	119
169	DD3	900.666336	50.989102	72.613236	120
148	DD4	728.648535	54.609524	70.986081	121
120	DD5	575.270965	55.818468	65.314833	122
391	DD6	420.000000	68.000000	66.000000	123
155	DEP	351.376340	94.717075	70.714778	124
256	DL1	1580.977593	91.022194	89.841229	125
350	DL10	1167.817448	109.000985	86.924774	126
351	DL11	1091.683157	119.248734	78.923608	127
202	DL12	1018.212288	116.236863	78.173333	128
145	DL13	980.528138	116.294721	75.696190	129
352	DL14	910.000000	116.000000	77.000000	130
201	DL15	857.214173	114.749473	78.363014	131
219	DL16	767.767302	109.296683	80.608775	132
195	DL17	702.834458	106.560416	82.563692	133
218	DL18	617.406365	102.976324	80.906462	134
190	DL19	542.037540	103.501152	77.336942	135
344	DL2	1551.000000	97.000000	87.000000	136
353	DL20	417.920466	102.973834	78.393264	137
142	DL21	314.709863	92.492681	69.803696	138
345	DL3	1513.409422	105.758990	84.346609	139
346	DL4	1461.378203	107.936337	91.103588	140
348	DL5	1404.000000	113.000000	83.000000	141
347	DL6	1381.446952	102.968557	90.586998	142
203	DL7	1285.420287	113.592981	79.801840	143
242	DL8	1247.988015	111.829479	86.577586	144
349	DL9	1188.025100	114.963431	80.522773	145
354	DR1	1583.869164	85.078797	52.601218	146
60	DR10	1172.239531	104.579964	54.436101	147
359	DR11	1131.714224	113.168078	56.745928	148
45	DR12	1039.560632	110.948632	50.832421	149
95	DR13	1004.820663	116.300255	61.131888	150
61	DR14	938.398639	108.904728	53.620344	151
101	DR15	887.582654	116.353842	61.443044	152
77	DR16	783.614293	111.128237	56.936504	153
107	DR17	745.171075	111.326049	61.563830	154
130	DR18	678.016298	110.342982	67.180735	155
119	DR19	578.322279	109.136078	67.037926	156
355	DR2	1560.466949	91.589153	54.382712	157
362	DR20	507.637850	107.954758	64.334325	158
113	DR21	378.436723	101.424531	62.182882	159
91	DR3	1524.201563	99.624974	57.788084	160
556	DR4	1464.000000	99.000000	48.000000	161
357	DR5	1412.000000	110.000000	59.000000	162
356	DR6	1412.000000	98.000000	51.000000	163
358	DR7	1298.426230	108.889391	62.098549	164
361	DR8	1263.649216	106.862602	52.728297	165
360	DR9	1196.503341	113.048141	55.655816	166
170	DVA	366.106886	90.064247	69.811294	167
552	DVC	343.000000	78.000000	69.000000	168
435	E1D	1573.000000	93.327698	68.426528	169
441	E1VL	1582.000000	71.000000	87.000000	170
445	E1VR	1583.000000	62.000000	61.000000	171
152	E2D	1647.011474	94.777278	68.087514	172
214	E2VL	1643.473553	68.881103	79.749096	173
103	E2VR	1666.298291	64.203465	60.866776	174
434	E3D	1538.000000	93.000000	69.000000	175
439	E3VL	1555.927017	73.854033	86.416133	176
444	E3VR	1553.069364	64.034682	61.156069	177
393	EXC	1288.000000	60.000000	84.000000	178
115	EXC/DUCT	1301.360758	59.873039	64.415803	179
248	EXC/GL/L	1238.865179	54.889942	90.172730	180
71	EXC/GL/R	1239.471713	43.518050	56.792565	181
149	F	380.519395	82.754021	68.150426	182
274	FLPL	1256.847289	70.534639	99.192771	183
10	FLPR	1266.682025	66.041240	46.508817	184
196	G1	1342.271878	37.931464	78.640895	185
227	G1AL	1243.407118	95.160410	84.613116	186
90	G1AR	1247.293364	88.500128	55.913912	187
83	G1P	1190.487866	92.935546	60.570763	188
191	G2	1324.515549	41.183215	77.788310	189
226	G2L	1196.311606	62.433168	82.601485	190
127	G2R	1194.651001	60.493458	65.846996	191
470	GLRDL	1368.368687	94.396465	80.659091	192
455	GLRDR	1371.000000	91.000000	64.000000	193
478	GLRL	1363.000000	71.000000	87.000000	194
479	GLRR	1361.000000	63.172333	60.827667	195
477	GLRVL	1363.000000	59.000000	84.000000	196
480	GLRVR	1361.000000	56.000000	68.000000	197
293	H0L	1509.966612	78.381508	100.592575	198
18	H0R	1514.192046	69.968099	44.296044	199
294	H1L	1390.000000	80.000000	103.000000	200
313	H1R	1390.201878	69.899061	41.899061	201
295	H2L	1232.000000	85.000000	102.000000	202
314	H2R	1238.000000	72.000000	38.000000	203
138	HMC	1281.655946	104.554284	68.662638	204
263	HSNL	782.298547	83.878446	92.077083	205
36	HSNR	794.780226	84.668765	47.406242	206
372	HYP101	146.533185	79.207752	66.875627	207
371	HYP102	94.574159	78.326453	64.765673	208
374	HYP11	207.000000	86.000000	70.000000	209
273	HYP1L	1495.332417	93.801210	96.710201	210
35	HYP1R	1503.146447	85.601325	47.910441	211
541	HYP1V	1597.827667	49.000000	69.827667	212
538	HYP2L	1551.000000	86.000000	95.000000	213
134	HYP2V	1619.615696	50.471474	67.859832	214
546	HYP31	1628.000000	104.000000	68.000000	215
547	HYP32	1616.000000	102.000000	73.000000	216
545	HYP4D	1689.934692	99.413386	70.380963	217
176	HYP4V1	1694.173123	60.689020	72.264494	218
167	HYP4V2	1657.752773	53.530160	72.127130	219
259	HYP5L	1615.625274	80.171993	91.826299	220
49	HYP5R	1618.371356	73.422075	50.834629	221
536	HYP6D1	1600.000000	107.000000	70.000000	222
535	HYP6D2	1573.000000	107.000000	70.000000	223
144	HYP6D3	1511.984145	109.046864	69.706458	224
162	HYP6D4	1482.423816	114.177215	69.515237	225
532	HYP6V1	1576.252153	43.646986	76.899139	226
211	HYP6V2	1508.208711	45.543303	77.279960	227
375	HYP71	277.110069	71.525071	67.513453	228
124	HYP72	246.002294	72.935509	66.385929	229
554	HYP7ABLD	1161.000000	117.000000	68.000000	230
280	HYP7ABLV	1175.327908	74.579155	100.669467	231
11	HYP7ABR3	1154.181091	80.580119	42.555347	232
8	HYP7ABRD	1183.463506	84.126223	43.091610	233
315	HYP7ABRV	1180.988644	59.074249	47.264326	234
157	HYP7D1	1437.477321	114.886428	69.753012	235
534	HYP7D2	1346.000000	113.000000	72.000000	236
307	HYP7LC1	1067.548069	98.495618	96.407286	237
308	HYP7LC2	918.000000	103.000000	93.000000	238
309	HYP7LC3	744.470597	95.858960	92.830566	239
310	HYP7LC4	589.639082	96.314172	88.107037	240
311	HYP7LC5	524.480026	93.055412	86.496617	241
312	HYP7LC6	383.865248	93.865248	84.943262	242
323	HYP7RC1	1103.504077	97.700644	45.701931	243
14	HYP7RC2	1019.659587	92.327590	43.869565	244
324	HYP7RC3	949.000000	87.000000	45.000000	245
325	HYP7RC4	837.439308	95.413124	47.117020	246
63	HYP7RC5	694.871925	101.472778	53.401279	247
326	HYP7RC6	407.017957	101.015713	54.991021	248
186	HYP7V1	1452.375779	38.911843	76.758682	249
533	HYP7V2	1428.383489	40.424767	77.287617	250
373	HYP8	216.010078	79.993281	65.995521	251
137	HYP9	176.390518	77.473363	69.459433	252
229	I1L	1520.241667	73.435677	84.696615	253
105	I1R	1519.536361	66.759264	62.675397	254
425	I2L	1480.000000	75.000000	89.000000	255
423	I2R	1480.022548	66.018038	60.040586	256
416	I3	1462.000000	98.000000	70.000000	257
139	I4	1250.865616	104.461127	68.321400	258
147	I5	1240.015565	60.811944	70.891677	259
228	I6	1230.985279	104.420812	81.127665	260
518	IL1DL	1419.000000	98.000000	78.000000	261
519	IL1DR	1422.948864	98.034091	65.068182	262
272	IL1L	1431.233013	75.635068	96.342393	263
47	IL1R	1432.014336	63.607692	51.800699	264
205	IL1VL	1438.643478	46.677061	78.917241	265
506	IL1VR	1416.290323	48.095430	77.306452	266
520	IL2DL	1442.000000	110.000000	81.000000	267
84	IL2DR	1444.130443	103.616946	57.846305	268
282	IL2L	1447.587413	84.421911	100.703963	269
19	IL2R	1448.204805	72.678233	45.434603	270
204	IL2VL	1466.455170	42.844591	79.801255	271
507	IL2VR	1432.297199	46.045067	68.735688	272
268	ILSHDL	1481.798918	97.753631	96.007690	273
21	ILSHDR	1470.383656	87.058640	44.689748	274
265	ILSHL	1491.226584	68.515352	95.167897	275
40	ILSHR	1497.080142	58.569110	51.666498	276
192	ILSHVL	1551.463424	49.867063	77.261418	277
164	ILSHVR	1540.164307	47.313138	71.663484	278
548	ILSODL	1560.000000	104.000000	78.000000	279
549	ILSODR	1582.000000	99.000000	62.000000	280
264	ILSOL	1517.023349	67.870247	95.396931	281
46	ILSOR	1531.158957	59.969488	51.692913	282
543	ILSOVL	1571.000000	51.000000	79.000000	283
542	ILSOVR	1566.979684	48.989842	68.949210	284
387	IML	457.000000	67.000000	82.000000	285
48	IMR	459.950434	72.772172	51.157550	286
126	IND2	1051.786946	110.693760	66.231117	287
129	IND3	973.861946	101.950950	66.752964	288
328	IND4	904.000000	106.000000	69.000000	289
100	IND5	839.640094	99.970584	62.111781	290
161	IND6	703.496238	96.816581	73.464791	291
329	IND7	585.000000	96.000000	70.000000	292
153	IND8	504.137660	94.841375	73.169878	293
181	IND9	455.552752	99.812946	75.450174	294
231	INDL1	1117.371786	105.990271	86.097012	295
85	INDR1	1110.502527	103.401444	58.770036	296
330	INV2	1067.000000	63.000000	74.000000	297
168	INV3	1001.490754	63.877234	73.787754	298
331	INV4	911.000000	63.000000	75.000000	299
199	INV5	803.781932	98.906901	81.350565	300
123	INV6	740.867255	71.256567	68.483858	301
159	INV7	627.308639	70.275908	73.571106	302
109	INV8	525.840843	70.985912	63.693821	303
128	INV9	463.097396	69.000178	65.908669	304
298	INVL1	1115.801982	59.009247	87.919155	305
327	INVR1	1122.000000	57.000000	63.000000	306
381	K	385.000000	95.000000	77.000000	307
382	K'	399.000000	94.000000	59.000000	308
197	LUAL	355.212553	85.542543	79.941766	309
57	LUAR	354.558333	91.318202	55.451974	310
553	M	652.000000	89.000000	58.000000	311
59	M1	1231.320311	97.462153	54.204661	312
230	M2L	1247.932546	76.780438	84.642496	313
106	M2R	1251.052412	70.427629	58.461645	314
225	M3L	1435.159308	73.057836	82.296153	315
131	M3R	1430.888062	66.536744	66.085581	316
151	M4	1439.423235	90.583841	71.932697	317
223	M5	1204.253042	102.248894	81.361173	318
430	MC1DL	1494.940767	92.940767	83.177700	319
429	MC1DR	1492.992161	86.992161	59.993281	320
426	MC1V	1496.000000	65.000000	73.000000	321
198	MC2DL	1275.251202	89.513134	76.313356	322
112	MC2DR	1275.601391	84.725913	64.104000	323
160	MC2V	1274.209607	70.714319	72.024362	324
44	MC3DL	1208.938849	85.527931	51.207998	325
238	MC3DR	1210.674514	93.422119	86.857651	326
141	MC3V	1211.598480	56.092074	71.538762	327
424	MCL	1486.368883	76.061481	82.631117	328
422	MCR	1490.330612	70.293878	67.035374	329
417	MI	1478.401189	100.490342	69.897474	330
236	NSML	1459.355160	73.461760	84.677842	331
97	NSMR	1457.976309	67.655647	60.555372	332
510	OLLL	1427.000000	90.000000	89.000000	333
526	OLLR	1427.000000	81.000000	57.000000	334
281	OLLSHL	1479.462287	79.015950	100.635036	335
6	OLLSHR	1484.822258	68.327005	43.957584	336
539	OLLSOL	1456.000000	98.000000	96.000000	337
529	OLLSOR	1452.000000	89.000000	47.000000	338
517	OLQDL	1407.000000	101.000000	79.000000	339
516	OLQDR	1408.000000	98.000000	64.000000	340
291	OLQSHDL	1469.962755	90.501608	102.457931	341
7	OLQSHDR	1486.704978	82.108591	43.387661	342
284	OLQSHVL	1460.841491	75.889678	99.552371	343
531	OLQSHVR	1475.000000	62.000000	51.000000	344
184	OLQSODL	1539.052719	104.059656	76.303829	345
125	OLQSODR	1552.521363	102.521872	64.780773	346
245	OLQSOVL	1499.212265	60.179624	90.506825	347
30	OLQSOVR	1513.121243	58.425467	51.496344	348
501	OLQVL	1411.000000	64.000000	90.000000	349
522	OLQVR	1406.983127	56.979753	60.026997	350
299	P1/2L	1039.326965	75.585672	94.398209	351
16	P1/2R	1045.114117	61.850111	45.635329	352
306	P11/12L	436.080000	70.942857	87.068571	353
322	P11/12R	406.000000	78.000000	50.000000	354
301	P3/4L	942.876361	76.687060	96.046284	355
29	P3/4R	943.399785	61.603976	47.607021	356
303	P5/6L	822.000000	74.000000	97.000000	357
32	P5/6R	837.497714	69.339114	47.453413	358
258	P7/8L	692.740537	64.523249	92.271088	359
318	P7/8R	712.412726	71.091488	49.755116	360
550	P9/10L	557.684828	63.446870	83.577666	361
320	P9/10R	573.402641	71.321792	48.177583	362
193	PHAL	375.921106	70.712064	77.901526	363
54	PHAR	376.287072	73.759940	56.167042	364
379	PHBL	371.000000	81.000000	81.000000	365
52	PHBR	368.282600	85.361324	52.932580	366
215	PHSHL	324.814828	82.597633	77.726418	367
98	PHSHR	326.421569	83.627451	60.191176	368
380	PLML	312.000000	77.088757	73.266272	369
384	PLMR	312.000000	74.000000	64.000000	370
433	PM1DL	1498.000000	96.000000	74.000000	371
432	PM1DR	1500.127204	93.872796	65.491184	372
431	PM1L	1501.000000	83.000000	86.000000	373
428	PM1R	1502.000000	77.000000	60.000000	374
235	PM1VL	1498.432030	66.140906	81.840472	375
427	PM1VR	1497.838164	68.676329	62.080918	376
132	PM2D1	1616.923077	91.486307	68.785542	377
150	PM2D2	1597.239007	91.436657	69.523291	378
224	PM2VL1	1623.428623	68.332848	81.952658	379
222	PM2VL2	1607.141014	68.128639	82.837894	380
104	PM2VR1	1637.381439	66.388714	61.812623	381
446	PM2VR2	1607.000000	65.000000	61.000000	382
437	PM3DL	1573.000000	89.000000	76.000000	383
436	PM3DR	1554.000000	86.000000	68.000000	384
438	PM3L	1543.000000	79.000000	85.000000	385
443	PM3R	1540.570328	71.903661	61.407755	386
440	PM3VL	1573.000000	66.000000	80.000000	387
442	PM3VR	1577.747847	64.100861	68.353014	388
418	PM4DL	1475.000000	101.000000	78.000000	389
419	PM4DR	1476.000000	94.000000	65.000000	390
241	PM4L	1472.156378	87.569451	87.172265	391
75	PM4R	1473.684331	79.553885	57.835159	392
420	PM4VL	1472.119776	63.160107	81.166910	393
421	PM4VR	1470.000000	61.000000	68.000000	394
194	PM5DL	1262.047783	98.817980	75.193842	395
116	PM5DR	1262.711830	95.548884	62.358224	396
208	PM5L	1260.731113	84.870020	81.222948	397
110	PM5R	1263.007572	79.021454	60.895760	398
415	PM5VL	1256.000000	67.000000	78.000000	399
414	PM5VR	1256.000000	67.000000	68.594397	400
133	PM6D	1232.401102	103.424887	67.198548	401
413	PM6VL	1230.264885	76.009415	83.755216	402
88	PM6VR	1232.304827	70.905660	58.793188	403
411	PM7D	1204.000000	107.000000	72.000000	404
412	PM7VL	1208.000000	75.000000	89.000000	405
67	PM7VR	1208.712865	65.259374	57.002279	406
409	PM8	1189.000000	67.000000	75.000000	407
207	PVCL	349.815476	74.648243	78.589853	408
383	PVCR	353.000000	79.000000	57.000000	409
392	PVPL	428.480601	64.180225	75.939925	410
69	PVPR	434.386168	70.174613	56.048754	411
378	PVQL	391.000000	78.000000	81.000000	412
56	PVQR	385.410324	86.612619	53.914847	413
111	PVR	253.675606	83.181661	62.963452	414
122	PVT	446.419174	61.844966	67.121540	415
240	QL	617.719771	84.054679	88.344973	416
43	QR	686.657606	78.911845	52.453616	417
156	REPD	399.183958	101.267074	69.618134	418
216	REPVL	409.332973	78.854054	81.004865	419
390	REPVR	416.000000	86.000000	55.000000	420
472	RIAL	1343.000000	91.000000	87.000000	421
82	RIAR	1348.551604	84.086059	57.734836	422
255	RIBL	1300.525267	83.467225	90.194918	423
460	RIBR	1303.000000	71.000000	56.000000	424
464	RICL	1272.000000	70.000000	102.000000	425
17	RICR	1275.798983	55.977516	45.603854	426
143	RID	1384.699139	107.715571	71.023474	427
404	RIFL	1256.000000	39.000000	79.000000	428
405	RIFR	1245.025200	40.987400	70.873998	429
406	RIGL	1243.000000	42.000000	81.000000	430
172	RIGR	1197.616835	35.919104	73.256627	431
486	RIH	1347.000000	52.973624	75.868119	432
262	RIML	1285.570603	75.412067	91.435815	433
73	RIMR	1278.767501	66.473341	56.554226	434
509	RIPL	1416.000000	83.000000	89.000000	435
68	RIPR	1413.384973	72.460771	58.509641	436
496	RIR	1322.010124	62.030371	83.979753	437
399	RIS	1265.000000	52.000000	58.289474	438
557	RIVL	1272.000000	104.000000	87.000000	439
454	RIVR	1279.000000	93.000000	54.000000	440
487	RMDDL	1353.068571	62.080000	91.057143	441
481	RMDDR	1350.118467	47.921022	59.861789	442
465	RMDL	1365.000000	72.000000	98.000000	443
25	RMDR	1364.918783	60.030715	46.693148	444
276	RMDVL	1378.386932	84.574933	97.665290	445
451	RMDVR	1382.000000	74.000000	46.000000	446
515	RMED	1404.524409	99.993701	71.559055	447
508	RMEL	1403.000000	83.000000	91.000000	448
525	RMER	1401.000000	72.000000	54.000000	449
173	RMEV	1385.229329	43.285512	74.293993	450
278	RMGL	1222.804124	68.924006	98.728130	451
447	RMGR	1241.000000	55.000000	48.000000	452
488	SAADL	1347.000000	55.000000	86.000000	453
485	SAADR	1343.918728	51.972909	66.756184	454
471	SAAVL	1364.000000	90.024887	87.062217	455
458	SAAVR	1366.000000	83.000000	57.000000	456
401	SABD	1224.917902	39.000000	66.928164	457
187	SABVL	1269.363596	44.763240	78.169114	458
403	SABVR	1261.063001	39.000000	69.886598	459
495	SIADL	1310.000000	61.000000	98.000000	460
80	SIADR	1319.062478	57.419299	56.691774	461
493	SIAVL	1298.000000	60.000000	91.000000	462
491	SIAVR	1310.000000	50.000000	62.000000	463
285	SIBDL	1348.360928	72.544543	101.025781	464
28	SIBDR	1349.825743	54.854347	46.896876	465
558	SIBVL	1341.000000	68.000000	89.000000	466
484	SIBVR	1332.000000	58.000000	64.000000	467
497	SMBDL	1319.000000	53.000000	90.000000	468
483	SMBDR	1323.000000	46.000000	62.000000	469
233	SMBVL	1331.760528	52.551197	83.807597	470
490	SMBVR	1325.000000	51.000000	73.000000	471
498	SMDDL	1329.000000	63.000000	94.000000	472
482	SMDDR	1336.935018	49.835138	59.783394	473
469	SMDVL	1353.000000	98.000000	93.000000	474
37	SMDVR	1358.834604	90.123730	47.462652	475
388	SPH	429.000000	76.000000	81.000000	476
377	TL	283.000000	83.000000	76.000000	477
376	TR	293.000000	87.000000	65.000000	478
136	U	403.437328	74.287246	67.924409	479
512	URADL	1429.000000	101.000000	86.000000	480
527	URADR	1428.982043	94.008979	57.015713	481
504	URAVL	1426.004489	52.011223	84.022447	482
505	URAVR	1415.825711	45.913473	67.583436	483
499	URBL	1424.000000	87.000000	100.000000	484
524	URBR	1429.004489	75.988777	46.977553	485
178	URXL	1347.254937	97.350603	73.375224	486
456	URXR	1357.000000	98.000000	61.000000	487
511	URYDL	1415.000000	98.000000	89.000000	488
51	URYDR	1412.624414	84.864977	51.947644	489
260	URYVL	1423.795109	64.068077	93.450430	490
79	URYVR	1422.125569	55.477228	57.235849	491
297	V1L	1135.362530	88.640662	98.669194	492
27	V1R	1087.126681	74.796849	46.861555	493
300	V2L	999.554647	85.771571	96.932788	494
317	V2R	993.117972	68.845291	47.313039	495
302	V3L	882.025068	82.160466	93.825004	496
26	V3R	885.213264	71.450416	46.537325	497
304	V4L	742.661597	74.511787	91.236654	498
38	V4R	752.891978	84.447953	46.813114	499
237	V5L	584.908425	73.799196	86.318932	500
319	V5R	607.997232	81.260098	49.680383	501
305	V6L	503.326105	74.406604	86.107606	502
321	V6R	530.060196	82.656245	48.912895	503
189	VIRL	421.852523	86.685856	76.517413	504
64	VIRR	426.173410	93.808898	57.605535	505
332	VL1	1576.713574	66.770859	93.343711	506
232	VL10	1160.890771	49.186536	85.919653	507
221	VL11	1044.568133	53.537693	81.850178	508
249	VL12	1018.482262	60.973059	89.376004	509
213	VL13	951.659643	52.168558	81.027958	510
234	VL14	879.778991	61.298855	85.944524	511
338	VL15	844.000000	60.000000	83.000000	512
341	VL16	736.589022	60.309710	82.836547	513
342	VL17	604.036767	55.503730	72.918117	514
343	VL18	527.603219	58.115041	77.871051	515
386	VL19	333.000000	67.000000	72.000000	516
333	VL2	1558.000000	58.000000	88.000000	517
243	VL3	1522.979004	53.732167	86.553163	518
270	VL4	1462.200000	59.006188	95.604455	519
335	VL5	1416.000000	50.000000	91.000000	520
334	VL6	1368.528227	55.414259	96.452160	521
336	VL7	1277.503003	46.601644	90.662030	522
254	VL8	1217.396429	51.329847	90.970663	523
220	VL9	1188.231403	45.583269	84.888546	524
154	VPI1	1174.448328	99.496743	71.400782	525
410	VPI2DL	1177.000000	89.000000	89.000000	526
94	VPI2DR	1177.463519	84.031974	58.130472	527
408	VPI2V	1182.959230	57.938845	75.000000	528
171	VPI3D	1165.940732	90.996086	77.211630	529
407	VPI3V	1174.289474	58.000000	75.000000	530
363	VR1	1585.010158	57.979684	50.949210	531
367	VR10	1151.420856	43.175177	59.726237	532
368	VR11	1081.367729	47.766906	65.721480	533
53	VR12	1020.222977	52.671776	55.452276	534
108	VR13	960.705254	49.236364	63.952961	535
65	VR14	911.728960	52.318673	57.023378	536
87	VR15	864.978176	56.331585	59.248012	537
66	VR16	770.242372	60.348615	56.881709	538
96	VR17	674.220178	61.491940	60.493457	539
369	VR18	601.387837	61.707415	55.820664	540
370	VR19	503.251318	62.431049	54.744601	541
102	VR2	1550.699717	49.414731	59.970255	542
385	VR20	336.131227	70.131227	63.650061	543
364	VR3	1508.814547	46.416185	63.565270	544
78	VR4	1457.423676	48.018408	56.409233	545
365	VR5	1401.081272	42.972909	61.756184	546
72	VR6	1369.892088	46.978741	56.628364	547
117	VR7	1287.818826	40.465268	63.963141	548
70	VR8	1211.994463	41.948523	57.325882	549
366	VR9	1183.000000	44.000000	63.000000	550
394	W	1288.000000	42.000000	80.000000	551
271	XXXL	1444.616527	72.277598	96.960943	552
42	XXXR	1443.915269	61.829641	51.110180	553
135	YPDA	392.729738	60.073163	66.729423	554
93	Z1	844.248456	62.678243	60.708799	555
340	Z2	817.000000	67.000000	63.000000	556
339	Z3	792.000000	70.000000	80.000000	557
188	Z4	767.137947	63.000603	78.162671	558
