label_number	label_name	x	y	z	Aligned_No
270	ADAL	1248.858148	73.377146	93.117366	1
9	ADAR	1262.766494	71.793740	37.697591	2
280	ADEL	1258.622990	86.604535	93.322963	3
15	ADER	1269.058751	86.090386	40.516434	4
268	ADESHL	1172.438052	96.459384	91.112260	5
402	ADESHR	1189.306864	69.488560	40.488560	6
241	ADFL	1352.191496	93.758951	82.330563	7
32	ADFR	1362.684582	95.910627	41.529484	8
179	ADLL	1332.413889	109.352120	70.469377	9
105	ADLR	1341.026672	107.348280	56.934094	10
275	AFDL	1364.280055	90.917194	92.915818	11
463	AFDR	1376.000000	89.000000	39.000000	12
192	AIAL	1334.521371	58.810936	71.404698	13
119	AIAR	1336.490892	59.260467	59.793544	14
230	AIBL	1347.051546	78.461856	80.703976	15
64	AIBR	1357.794382	83.250341	50.333242	16
401	AIML	1290.000000	67.000000	81.000000	17
391	AIMR	1298.000000	54.000000	60.000000	18
444	AINL	1289.000000	93.000000	94.000000	19
23	AINR	1283.455586	96.632784	40.078068	20
400	AIYL	1278.000000	67.000000	86.000000	21
63	AIYR	1295.070998	61.890967	47.550238	22
419	AIZL	1286.996637	84.986547	85.986547	23
46	AIZR	1291.224116	82.687184	47.227273	24
145	ALA	1385.578900	117.565825	65.782462	25
227	ALML	855.320439	102.129895	80.593123	26
31	ALMR	862.287403	84.751251	43.194407	27
189	ALNL	280.725375	89.374429	69.158839	28
373	ALNR	283.000000	90.000000	54.000000	29
303	AMSHL	1257.193257	103.644052	94.224507	30
537	AMSHR	1239.000000	102.000000	36.000000	31
243	AMSOL	1550.763847	92.287138	86.111703	32
36	AMSOR	1568.055713	88.721029	44.661467	33
266	ARCADL	1590.615970	78.059543	90.294023	34
39	ARCADR	1586.348292	81.964724	44.347846	35
522	ARCAV	1640.000000	52.000000	58.000000	36
517	ARCPD	1613.060075	106.819775	57.519399	37
242	ARCPDL	1532.200130	95.469937	84.537660	38
51	ARCPDR	1549.357344	91.370718	46.823322	39
523	ARCPV	1615.000000	50.000000	57.000000	40
514	ARCPVL	1562.000000	68.000000	90.000000	41
34	ARCPVR	1562.255223	70.752952	43.651680	42
276	ASEL	1320.816050	91.699068	93.265047	43
6	ASER	1324.270405	91.154933	36.070613	44
447	ASGL	1326.000000	104.000000	86.000000	45
41	ASGR	1330.835106	102.957979	45.938032	46
282	ASHL	1340.309989	85.628979	94.342042	47
4	ASHR	1346.938573	85.280934	35.757816	48
449	ASIL	1313.000000	107.000000	74.000000	49
459	ASIR	1317.025200	104.012600	55.126002	50
443	ASJL	1311.000000	73.000000	94.000000	51
13	ASJR	1321.393512	72.082040	38.505407	52
196	ASKL	1353.293884	109.595115	75.473789	53
93	ASKR	1360.790297	106.902566	53.371492	54
278	AUAL	1331.257300	69.614629	93.979763	55
2	AUAR	1343.187690	69.330213	36.814182	56
274	AVAL	1383.255887	85.402669	93.350602	57
16	AVAR	1396.084334	84.604178	38.309922	58
232	AVBL	1307.409770	92.127874	81.386207	59
86	AVBR	1303.294242	94.061200	53.136871	60
285	AVDL	1303.915881	89.151992	95.917453	61
1	AVDR	1301.208766	89.027835	35.639385	62
239	AVEL	1370.331459	82.509428	82.688058	63
462	AVER	1378.896424	81.414303	48.844636	64
398	AVG	1244.000000	54.000000	69.000000	65
446	AVHL	1307.000000	107.000000	88.000000	66
460	AVHR	1315.000000	103.000000	45.000000	67
445	AVJL	1289.000000	104.000000	87.000000	68
17	AVJR	1300.737878	101.733557	38.509842	69
399	AVKL	1264.625047	60.484112	85.306916	70
392	AVKR	1276.003356	68.995526	46.996644	71
97	AVL	1345.133378	71.302101	52.760587	72
454	AWAL	1335.000000	94.000000	81.000000	73
65	AWAR	1342.108651	90.581124	50.319254	74
258	AWBL	1345.385241	102.263429	90.293272	75
24	AWBR	1347.703972	102.073195	39.277292	76
283	AWCL	1352.596432	74.158997	93.718718	77
10	AWCR	1362.863913	74.600217	36.343913	78
377	B	325.000000	67.000000	59.000000	79
265	BAGL	1434.712538	71.999166	91.316375	80
497	BAGR	1432.000000	71.063001	41.886598	81
257	BDUL	1089.352276	76.315034	87.941241	82
12	BDUR	1088.320894	64.365106	39.511528	83
252	CANL	752.766638	78.510004	85.887560	84
21	CANR	797.479197	77.842408	41.188763	85
169	CCLA	819.699039	53.463180	68.974386	86
220	CCLP	783.169956	58.410920	80.698026	87
54	CCRA	1050.610501	47.950289	47.399681	88
80	CCRP	1035.946060	42.256801	53.059568	89
218	CEPDL	1390.311887	110.553657	78.991958	90
62	CEPDR	1392.970416	111.827894	51.061752	91
248	CEPSHDL	1420.528638	96.766269	86.709237	92
47	CEPSHDR	1423.584354	99.323919	45.602349	93
228	CEPSHVL	1416.298876	61.396469	84.317496	94
44	CEPSHVR	1414.764642	66.346559	45.590553	95
488	CEPSODL	1455.000000	98.000000	91.000000	96
28	CEPSODR	1459.551899	102.032630	39.519269	97
221	CEPSOVL	1457.054199	57.406492	79.815366	98
55	CEPSOVR	1455.256640	59.626443	48.469111	99
491	CEPVL	1416.000000	46.000000	71.000000	100
490	CEPVR	1417.017341	46.000000	60.826590	101
176	DA1	1183.481291	48.211829	70.242607	102
139	DA2	1093.150712	32.200801	66.207035	103
142	DA3	1000.254881	41.786495	66.063228	104
168	DA4	859.520178	50.209241	68.866626	105
167	DA5	710.108094	38.939426	67.924282	106
156	DA6	594.939394	48.997928	66.478114	107
539	DA7	474.000000	55.000000	69.000000	108
386	DA8	375.796825	60.511111	70.906349	109
109	DA9	363.845203	57.389641	59.723661	110
174	DB1	1211.198201	49.114748	68.081655	111
154	DB2	1278.510507	46.117754	66.047464	112
146	DB3	1125.233019	36.982501	66.668662	113
166	DB4	975.859145	39.785433	66.577872	114
155	DB5	785.960915	41.007088	67.085055	115
160	DB6	621.860988	45.335830	68.164287	116
143	DB7	491.353924	54.127848	66.159241	117
149	DD1	1229.280301	52.012260	64.981610	118
540	DD2	1036.000000	38.000000	69.000000	119
161	DD3	841.060886	45.925048	68.730058	120
173	DD4	677.557855	40.553616	69.480299	121
157	DD5	531.960800	55.386740	65.758748	122
388	DD6	379.929825	68.116959	63.812865	123
123	DEP	261.424762	95.484990	60.703897	124
240	DL1	1598.223183	92.343044	83.514945	125
328	DL10	1085.456153	109.062313	75.244688	126
180	DL11	1042.759703	113.503271	71.142463	127
190	DL12	952.668485	104.279790	73.498909	128
165	DL13	911.127461	111.175633	68.668425	129
186	DL14	837.983336	108.055654	72.654910	130
329	DL15	797.500325	110.794797	69.214797	131
330	DL16	702.638501	107.241486	71.268732	132
331	DL17	639.905795	106.438336	68.661516	133
332	DL18	550.151793	105.566732	69.805591	134
333	DL19	490.679228	103.689547	67.953043	135
557	DL2	1576.000000	101.000000	85.000000	136
334	DL20	437.028233	106.664575	70.297200	137
382	DL21	295.000000	93.000000	59.000000	138
325	DL3	1527.707944	109.070925	79.495332	139
249	DL4	1485.313881	106.443195	86.104692	140
326	DL5	1416.000000	118.000000	79.000000	141
327	DL6	1411.000000	107.000000	87.000000	142
193	DL7	1295.591929	123.633019	74.424138	143
233	DL8	1176.560794	115.524449	83.445045	144
159	DL9	1162.012866	116.245161	69.549575	145
344	DR1	1597.060992	94.812721	46.720541	146
348	DR10	1156.560000	109.457555	42.017304	147
71	DR11	1090.029044	110.110336	52.448970	148
349	DR12	1000.000000	107.000000	43.000000	149
52	DR13	960.038087	105.139653	48.895472	150
48	DR14	883.758156	104.756430	46.122562	151
66	DR15	846.861666	108.284786	50.511284	152
61	DR16	756.360879	106.973069	48.988235	153
351	DR17	689.221036	101.152852	50.048856	154
558	DR18	611.000000	102.000000	53.000000	155
352	DR19	532.739334	109.056172	52.590477	156
541	DR2	1576.000000	102.000000	45.000000	157
353	DR20	453.680510	101.005516	51.405797	158
122	DR21	314.144064	85.894064	61.397442	159
88	DR3	1541.371709	108.015488	52.524695	160
505	DR4	1496.078978	107.177700	44.019744	161
345	DR5	1423.000000	116.000000	53.000000	162
346	DR6	1414.000000	107.000000	45.000000	163
94	DR7	1312.037415	119.383321	53.926071	164
37	DR8	1247.799290	120.801775	43.998403	165
347	DR9	1176.000000	119.000000	46.000000	166
163	DVA	312.912810	65.629507	68.260036	167
383	DVC	295.000000	78.000000	68.000000	168
434	E1D	1578.050888	95.130178	62.776331	169
438	E1VL	1596.073857	65.049238	76.778429	170
439	E1VR	1590.000000	64.000000	53.000000	171
135	E2D	1653.176705	96.283489	61.888657	172
184	E2VL	1662.933072	68.570750	71.328445	173
77	E2VR	1660.329386	69.937575	52.153954	174
433	E3D	1537.000000	95.000000	63.000000	175
437	E3VL	1563.045067	68.000000	80.594397	176
440	E3VR	1562.000000	62.000000	54.000000	177
182	EXC	1309.993434	56.549633	70.656624	178
91	EXC/DUCT	1319.931848	63.134469	56.770118	179
256	EXC/GL/L	1194.715479	68.705268	87.771641	180
42	EXC/GL/R	1224.589977	60.934795	45.451310	181
130	F	331.032756	78.935571	63.419329	182
272	FLPL	1268.661129	75.412853	92.741066	183
456	FLPR	1282.000000	77.000000	37.000000	184
153	G1	1346.374482	39.782933	66.384700	185
216	G1AL	1264.301716	102.866114	79.649444	186
79	G1AR	1259.407798	89.575342	50.059800	187
409	G1P	1189.131971	98.463079	51.416910	188
148	G2	1329.027494	45.897676	67.004535	189
207	G2L	1209.156856	68.606627	76.173070	190
132	G2R	1208.992240	64.044534	62.627193	191
206	GLRDL	1389.126905	97.580186	72.308482	192
461	GLRDR	1391.491844	96.000000	61.184442	193
464	GLRL	1380.035928	73.071856	80.676647	194
465	GLRR	1381.000000	73.000000	52.000000	195
200	GLRVL	1380.467896	62.409727	73.187858	196
474	GLRVR	1382.000000	61.000000	59.000000	197
279	H0L	1525.968375	77.401819	94.042166	198
500	H0R	1536.000000	77.000000	35.000000	199
277	H1L	1406.064926	73.033169	94.899083	200
542	H1R	1432.000000	83.000000	34.000000	201
302	H2L	1190.702563	84.936614	95.193702	202
286	H2R	1206.433083	79.977987	35.777317	203
141	HMC	1294.490183	116.004062	61.926202	204
245	HSNL	704.321429	54.391817	83.934119	205
38	HSNR	751.020195	55.356204	44.193431	206
129	HYP101	122.907080	74.747460	62.948214	207
364	HYP102	89.392235	78.387881	62.158563	208
365	HYP11	158.000000	81.000000	69.000000	209
269	HYP1L	1512.147495	93.962362	90.448600	210
40	HYP1R	1533.053970	93.679081	45.791258	211
162	HYP1V	1594.298632	48.955167	68.462766	212
262	HYP2L	1567.439479	85.707158	90.152711	213
175	HYP2V	1622.483128	50.744856	67.135802	214
515	HYP31	1643.000000	107.000000	61.000000	215
516	HYP32	1629.000000	107.000000	69.000000	216
134	HYP4D	1704.058283	99.252141	62.534991	217
520	HYP4V1	1678.452232	56.883183	60.814481	218
126	HYP4V2	1660.355479	55.327988	61.559756	219
324	HYP5L	1637.330412	78.217182	84.823540	220
45	HYP5R	1624.726007	81.382773	43.532950	221
536	HYP6D1	1612.000000	110.000000	66.000000	222
535	HYP6D2	1567.351190	110.975340	67.574405	223
534	HYP6D3	1532.902892	113.060855	65.096677	224
533	HYP6D4	1507.601172	117.032545	66.074793	225
530	HYP6V1	1610.000000	42.000000	65.000000	226
147	HYP6V2	1533.885742	45.825877	66.326360	227
367	HYP71	213.083722	65.939005	66.263598	228
121	HYP72	193.250633	72.040117	61.979747	229
273	HYP7ABLD	1142.236831	88.303683	90.791800	230
304	HYP7ABLV	1114.778349	83.525993	90.081834	231
288	HYP7ABR3	1126.044706	68.934559	36.013676	232
287	HYP7ABRD	1187.686033	100.410591	35.394529	233
7	HYP7ABRV	1165.664083	64.838391	35.136544	234
532	HYP7D1	1457.128518	121.498630	64.148443	235
531	HYP7D2	1356.619414	118.905607	64.470795	236
315	HYP7LC1	1034.707239	100.341703	85.570099	237
316	HYP7LC2	903.088374	97.710629	86.479725	238
317	HYP7LC3	784.000000	95.000000	88.000000	239
318	HYP7LC4	648.427510	89.610870	83.504890	240
319	HYP7LC5	535.494140	94.739863	78.472181	241
217	HYP7LC6	352.966230	100.473534	76.731360	242
296	HYP7RC1	1002.672404	89.603272	36.010669	243
297	HYP7RC2	921.043818	87.897588	38.370754	244
26	HYP7RC3	788.646913	91.395770	39.174162	245
299	HYP7RC4	651.367515	81.997595	41.100519	246
300	HYP7RC5	511.062472	91.110699	42.161893	247
301	HYP7RC6	325.010124	86.033746	47.986502	248
529	HYP7V1	1489.985456	40.368224	66.216395	249
528	HYP7V2	1433.000000	38.000000	65.000000	250
366	HYP8	167.000000	71.000000	62.000000	251
128	HYP9	133.969340	69.105296	64.423351	252
202	I1L	1532.952349	72.820085	76.830550	253
120	I1R	1531.355308	68.506207	57.798587	254
422	I2L	1486.579474	75.759700	80.180225	255
421	I2R	1492.000000	65.959368	52.040632	256
136	I3	1465.137512	101.271623	63.765792	257
138	I4	1272.857483	106.235391	62.406668	258
177	I5	1246.865778	68.188990	71.096481	259
203	I6	1251.298266	114.591459	75.423593	260
483	IL1DL	1447.000000	106.982659	71.173410	261
484	IL1DR	1447.000000	108.000000	61.000000	262
477	IL1L	1452.000000	77.000000	87.000000	263
14	IL1R	1473.483745	72.412224	38.526658	264
492	IL1VL	1431.976378	51.000000	66.030371	265
493	IL1VR	1446.854033	50.927017	66.583867	266
197	IL2DL	1469.350820	113.462090	74.787910	267
89	IL2DR	1469.060165	111.890587	52.409025	268
281	IL2L	1470.412589	78.707868	94.122175	269
5	IL2R	1484.363786	87.423457	35.748148	270
496	IL2VL	1463.000000	48.000000	71.000000	271
495	IL2VR	1459.972696	46.990899	60.908987	272
511	ILSHDL	1492.133492	98.233611	89.833135	273
56	ILSHDR	1518.381919	98.893253	48.809172	274
260	ILSHL	1511.521031	65.918318	90.266214	275
509	ILSHR	1513.448700	72.439124	43.448700	276
526	ILSHVL	1554.000000	48.000000	72.000000	277
525	ILSHVR	1560.000000	47.000000	61.000000	278
187	ILSODL	1603.429079	104.660860	72.194632	279
518	ILSODR	1583.000000	105.000000	60.000000	280
253	ILSOL	1541.679947	66.284759	88.639840	281
507	ILSOR	1544.000000	70.000000	43.000000	282
527	ILSOVL	1575.000000	46.000000	69.000000	283
524	ILSOVR	1582.000000	47.000000	59.000000	284
385	IML	412.000000	74.000000	79.000000	285
82	IMR	420.375458	57.630514	52.216336	286
87	IND2	1065.598553	94.539924	52.175764	287
350	IND3	999.000000	105.000000	58.000000	288
104	IND4	921.355739	96.740476	59.324314	289
101	IND5	833.607775	92.180633	56.171904	290
133	IND6	682.240456	85.436502	65.297137	291
131	IND7	587.726938	92.958436	61.715012	292
112	IND8	469.622425	89.784880	61.784349	293
137	IND9	407.161632	98.835359	65.425803	294
320	INDL1	1115.406042	98.937445	73.679043	295
321	INDR1	1111.167170	94.630175	48.046261	296
188	INV2	1067.190908	50.475510	74.369544	297
140	INV3	1000.506108	58.722107	67.599222	298
178	INV4	886.007743	71.793567	71.474558	299
322	INV5	788.000000	82.000000	72.000000	300
116	INV6	738.058162	71.475138	60.633049	301
158	INV7	634.176910	59.668138	69.475495	302
107	INV8	518.795552	65.197509	56.673665	303
323	INV9	417.214159	69.626028	63.380906	304
552	INVL1	1118.106553	58.165358	78.230892	305
67	INVR1	1115.559765	46.600831	52.307260	306
152	K	329.117817	92.044944	66.265490	307
376	K'	331.000000	98.000000	54.000000	308
195	LUAL	305.403800	88.054632	74.264186	309
375	LUAR	305.000000	81.000000	52.000000	310
293	M	609.658832	79.109649	47.930074	311
404	M1	1246.000000	107.000000	52.000000	312
231	M2L	1262.211054	82.512953	80.961658	313
106	M2R	1258.964664	69.802120	55.536139	314
201	M3L	1442.195476	73.648803	74.614101	315
127	M3R	1441.817536	67.957662	59.683147	316
144	M4	1441.129882	89.558401	65.152952	317
410	M5	1197.000000	114.000000	75.000000	318
223	MC1DL	1512.880802	85.506017	80.048997	319
102	MC1DR	1505.980776	89.771165	55.571904	320
424	MC1V	1505.768953	64.038508	68.269555	321
556	MC2DL	1292.417558	79.993627	70.580387	322
99	MC2DR	1289.530428	72.867127	57.246346	323
172	MC2V	1280.217763	65.438374	68.939151	324
411	MC3DL	1214.000000	109.000000	83.000000	325
405	MC3DR	1214.918864	93.022837	46.683996	326
170	MC3V	1223.849057	66.950759	72.451680	327
423	MCL	1494.000000	80.000000	77.000000	328
420	MCR	1485.812779	74.558692	55.976226	329
108	MI	1482.283689	102.092580	63.173259	330
222	NSML	1470.987474	73.393006	79.312891	331
74	NSMR	1470.689935	65.918831	52.142587	332
478	OLLL	1447.000000	91.000000	86.000000	333
504	OLLR	1451.000000	92.000000	48.000000	334
263	OLLSHL	1480.440205	67.353999	91.182318	335
510	OLLSHR	1509.000000	78.000000	39.000000	336
244	OLLSOL	1467.581071	96.258598	86.184639	337
506	OLLSOR	1492.000000	98.000000	43.000000	338
481	OLQDL	1432.000000	109.000000	74.000000	339
482	OLQDR	1434.976378	109.020247	57.020247	340
512	OLQSHDL	1488.000000	91.000000	95.000000	341
22	OLQSHDR	1509.156567	91.977022	39.069385	342
284	OLQSHVL	1493.898600	74.454121	93.817729	343
43	OLQSHVR	1444.450115	66.169246	45.430688	344
519	OLQSODL	1580.045506	104.045506	73.927190	345
113	OLQSODR	1559.805833	105.337024	59.221172	346
246	OLQSOVL	1526.055846	61.228611	86.215406	347
508	OLQSOVR	1526.000000	68.000000	43.000000	348
226	OLQVL	1429.852044	61.800793	80.810555	349
501	OLQVR	1432.000000	66.000000	51.000000	350
306	P1/2L	1000.640759	62.651670	88.218399	351
11	P1/2R	1003.360753	57.664354	38.919392	352
314	P11/12L	394.000000	75.000000	83.000000	353
295	P11/12R	387.061684	57.938316	47.722420	354
255	P3/4L	881.341800	72.876152	89.455515	355
289	P3/4R	893.000000	61.000000	41.000000	356
254	P5/6L	747.421169	59.956056	88.584344	357
291	P5/6R	775.064657	55.135148	40.577864	358
309	P7/8L	621.263689	58.326660	85.087953	359
362	P7/8R	647.000000	50.000000	48.000000	360
312	P9/10L	525.544313	67.944609	74.221750	361
33	P9/10R	517.672561	63.660392	43.704507	362
208	PHAL	321.205662	74.984031	77.462376	363
76	PHAR	340.071885	66.669680	53.120397	364
211	PHBL	320.161675	88.229526	79.522131	365
378	PHBR	322.000000	76.000000	52.000000	366
379	PHSHL	270.000000	84.000000	72.000000	367
372	PHSHR	273.000000	81.000000	60.000000	368
371	PLML	260.302013	73.295302	70.899329	369
370	PLMR	255.977401	72.994350	60.943503	370
430	PM1DL	1513.000000	98.000000	74.000000	371
429	PM1DR	1504.000000	101.000000	61.000000	372
428	PM1L	1508.000000	74.000000	80.000000	373
427	PM1R	1509.000000	74.000000	55.000000	374
425	PM1VL	1509.134752	66.056738	78.865248	375
426	PM1VR	1512.000000	63.000000	61.000000	376
436	PM2D1	1624.000000	95.000000	63.000000	377
435	PM2D2	1606.000000	92.000000	63.000000	378
185	PM2VL1	1638.505436	67.519315	72.321073	379
194	PM2VL2	1617.348492	65.891294	74.372568	380
75	PM2VR1	1629.697019	67.392241	52.784303	381
83	PM2VR2	1610.524967	64.863818	53.545794	382
543	PM3DL	1576.000000	90.000000	71.000000	383
432	PM3DR	1560.000000	86.000000	63.000000	384
431	PM3L	1548.424353	77.965105	78.309663	385
111	PM3R	1552.664465	73.007926	57.263540	386
442	PM3VL	1579.744903	61.497087	72.896602	387
441	PM3VR	1574.000000	57.000000	57.000000	388
212	PM4DL	1480.479491	104.460213	74.218622	389
103	PM4DR	1484.323077	97.990045	53.527149	390
224	PM4L	1484.829067	89.831819	79.925957	391
498	PM4R	1486.582790	78.333768	49.417210	392
554	PM4VL	1486.401784	64.322384	73.902110	393
115	PM4VR	1479.433967	57.404768	59.797214	394
415	PM5DL	1281.000000	97.000000	71.000000	395
416	PM5DR	1284.000000	89.000000	58.000000	396
210	PM5L	1275.160130	87.800972	77.349757	397
414	PM5R	1270.000000	77.000000	53.000000	398
413	PM5VL	1261.000000	71.077016	75.346570	399
418	PM5VR	1261.000000	69.000000	66.000000	400
417	PM6D	1246.376673	114.450204	61.126778	401
225	PM6VL	1243.800083	86.420823	80.693059	402
100	PM6VR	1242.682949	72.237449	54.663727	403
412	PM7D	1203.902091	117.909030	60.193601	404
406	PM7VL	1212.216570	84.332304	83.397529	405
407	PM7VR	1216.000000	70.000000	52.000000	406
408	PM8	1195.580873	73.492556	67.943225	407
215	PVCL	293.523433	81.822276	78.466220	408
374	PVCR	294.000000	74.000000	56.000000	409
183	PVPL	394.435383	63.244981	71.212359	410
389	PVPR	385.000000	60.000000	57.000000	411
214	PVQL	340.836079	83.069864	79.889051	412
85	PVQR	346.317460	81.446429	52.581349	413
117	PVR	210.555311	83.177436	59.591171	414
118	PVT	404.390504	57.873062	61.113857	415
311	QL	574.454355	91.441534	79.279951	416
35	QR	705.487315	79.463359	44.855984	417
124	REPD	348.151664	94.121725	62.383297	418
209	REPVL	365.959755	80.770552	78.379141	419
84	REPVR	367.026274	69.082832	53.353389	420
451	RIAL	1367.000000	100.000000	79.000000	421
60	RIAR	1373.293143	96.194766	50.741636	422
238	RIBL	1322.489397	79.910993	82.791016	423
70	RIBR	1322.716933	84.314547	50.150546	424
555	RICL	1287.000000	75.000000	94.000000	425
3	RICR	1296.121726	72.700822	36.831536	426
479	RID	1407.000000	118.000000	69.000000	427
396	RIFL	1258.000000	53.000000	75.000000	428
395	RIFR	1255.919082	48.838164	66.676329	429
397	RIGL	1238.936999	55.012600	78.113402	430
199	RIGR	1200.106541	52.118678	73.790290	431
472	RIH	1362.819775	58.060075	67.480601	432
455	RIML	1305.000000	80.000000	85.000000	433
50	RIMR	1308.755626	80.103328	47.225040	434
235	RIPL	1433.280196	86.190696	82.703754	435
59	RIPR	1436.208520	87.372758	50.347253	436
92	RIR	1364.506569	69.819126	53.688665	437
96	RIS	1277.415588	53.718259	54.383365	438
448	RIVL	1297.000000	108.000000	79.000000	439
27	RIVR	1294.240394	106.145751	47.459777	440
467	RMDDL	1371.039548	54.983051	82.045198	441
466	RMDDR	1377.000000	54.000000	48.000000	442
544	RMDL	1379.000000	71.000000	90.000000	443
25	RMDR	1389.099266	68.073093	39.389403	444
267	RMDVL	1402.240851	90.482159	91.170403	445
20	RMDVR	1412.400048	87.187934	39.809433	446
480	RMED	1428.568345	111.287770	67.136691	447
247	RMEL	1419.541874	80.285862	88.783375	448
502	RMER	1424.000000	82.000000	47.000000	449
489	RMEV	1399.248469	43.728827	66.525255	450
271	RMGL	1227.753987	74.297249	92.882775	451
19	RMGR	1246.274294	72.874165	39.440207	452
470	SAADL	1364.140200	58.000000	74.981402	453
473	SAADR	1366.000000	57.000000	59.000000	454
453	SAAVL	1383.000000	93.000000	81.000000	455
458	SAAVR	1389.309042	96.000000	51.278003	456
204	SABD	1220.314428	52.805034	76.123006	457
393	SABVL	1272.082664	52.041332	75.110218	458
394	SABVR	1266.215618	49.000000	67.000000	459
229	SIADL	1336.304844	67.330450	80.839446	460
49	SIADR	1333.060305	66.882704	46.311796	461
234	SIAVL	1322.019293	60.665010	82.296697	462
58	SIAVR	1324.191528	55.921936	48.482300	463
264	SIBDL	1366.329519	69.832952	91.749918	464
18	SIBDR	1374.919511	66.445349	39.304416	465
213	SIBVL	1356.857968	67.822290	79.135916	466
475	SIBVR	1356.000000	62.000000	48.000000	467
236	SMBDL	1337.571653	51.920298	82.788771	468
68	SMBDR	1342.640876	52.588155	49.355015	469
471	SMBVL	1348.000000	55.000000	74.000000	470
125	SMBVR	1349.805875	56.422733	60.294061	471
468	SMDDL	1355.015713	53.997755	83.020202	472
469	SMDDR	1359.000000	51.000000	50.000000	473
452	SMDVL	1376.000000	102.000000	87.000000	474
457	SMDVR	1386.978311	98.021689	41.891553	475
384	SPH	384.000000	78.000000	75.000000	476
368	TL	237.000000	83.000000	72.000000	477
369	TR	239.000000	83.000000	57.000000	478
387	U	357.000000	72.000000	71.000000	479
487	URADL	1452.919082	102.161836	82.676329	480
485	URADR	1454.000000	107.000000	51.000000	481
219	URAVL	1441.795807	52.652174	76.684783	482
494	URAVR	1438.838524	50.983852	56.983852	483
476	URBL	1450.987104	84.139508	94.174678	484
503	URBR	1464.000000	88.000000	39.000000	485
450	URXL	1371.034091	108.068182	72.948864	486
114	URXR	1375.786763	107.285793	58.223484	487
486	URYDL	1437.000000	102.000000	83.000000	488
513	URYDR	1442.000000	103.000000	51.000000	489
237	URYVL	1445.518032	62.302780	84.943276	490
29	URYVR	1457.552171	76.290966	42.611345	491
305	V1L	1052.297987	77.395302	90.076107	492
8	V1R	1044.017578	70.636767	37.914079	493
307	V2L	944.989012	68.227967	89.110109	494
298	V2R	935.143735	60.579245	39.999016	495
261	V3L	816.568779	70.998730	89.295694	496
290	V3R	828.666623	63.935935	42.230556	497
308	V4L	668.370514	63.196138	85.763366	498
292	V4R	698.219763	55.739832	44.915589	499
310	V5L	548.109163	75.911838	80.505300	500
30	V5R	564.070423	69.362497	45.305085	501
313	V6L	474.776352	79.091921	81.979049	502
294	V6R	460.935632	67.767674	46.277558	503
164	VIRL	374.951636	91.553106	69.156946	504
98	VIRR	374.107481	86.342934	56.126619	505
545	VL1	1593.000000	63.000000	86.000000	506
339	VL10	1126.671442	45.292073	80.156447	507
340	VL11	1031.759700	41.180225	76.420526	508
553	VL12	977.417048	50.770782	82.466643	509
343	VL13	934.682850	47.543486	79.063133	510
341	VL14	835.990588	53.186731	82.596326	511
342	VL15	801.750000	50.090156	75.047271	512
198	VL16	698.970337	47.126406	74.558938	513
181	VL17	565.516654	58.878927	71.930387	514
550	VL18	462.000000	63.000000	74.000000	515
380	VL19	282.000000	68.000000	73.000000	516
521	VL2	1558.078978	49.019744	81.177700	517
335	VL3	1520.371569	49.078042	80.684351	518
336	VL4	1476.607318	54.197903	84.478804	519
337	VL5	1418.049238	49.073857	80.221571	520
250	VL6	1391.637170	54.469241	86.304268	521
551	VL7	1292.377294	52.415312	80.977976	522
251	VL8	1227.669102	60.676618	86.652401	523
338	VL9	1167.157751	49.926279	79.232445	524
110	VPI1	1169.204613	93.000635	58.938849	525
205	VPI2DL	1177.183245	85.216247	78.453727	526
403	VPI2DR	1186.000000	75.000000	46.000000	527
151	VPI2V	1193.845794	63.065732	70.009657	528
78	VPI3D	1168.167315	80.138849	55.922793	529
150	VPI3V	1182.342368	65.957632	73.075263	530
354	VR1	1592.000000	65.000000	42.000000	531
360	VR10	1168.850962	49.253883	46.575259	532
72	VR11	1076.964727	35.475295	52.998628	533
53	VR12	1009.785655	44.979132	49.156440	534
57	VR13	975.413256	44.023735	49.552248	535
361	VR14	880.000000	53.000000	52.000000	536
548	VR15	829.245331	50.059665	54.767160	537
73	VR16	740.080955	46.426139	53.180270	538
95	VR17	637.640444	46.688000	58.093333	539
363	VR18	574.869998	57.032542	55.259505	540
538	VR19	474.000000	55.000000	57.000000	541
355	VR2	1559.964120	53.856481	47.892361	542
381	VR20	277.000000	68.000000	62.000000	543
81	VR3	1525.144094	49.481299	51.376969	544
356	VR4	1476.987548	53.511593	45.379991	545
357	VR5	1427.000000	49.000000	50.000000	546
358	VR6	1403.252713	55.346512	45.014341	547
90	VR7	1310.654805	48.522906	54.199659	548
69	VR8	1249.481405	55.817837	50.508781	549
359	VR9	1204.138050	52.064205	54.617315	550
390	W	1291.000000	50.000000	70.000000	551
259	XXXL	1464.300975	65.620315	90.031484	552
499	XXXR	1492.000000	74.000000	44.000000	553
171	YPDA	349.432226	60.481181	70.045510	554
546	Z1	804.635181	56.228637	53.825379	555
547	Z2	780.787855	57.939509	57.356999	556
549	Z3	754.549359	54.554232	70.109096	557
191	Z4	733.908391	51.599487	75.470868	558
