label_number	label_name	x	y	z	Aligned_No
322	ADAL	1185.000000	78.000000	36.000000	1
303	ADAR	1185.000000	94.000000	91.000000	2
323	ADEL	1192.000000	66.000000	39.000000	3
304	ADER	1200.000000	83.000000	89.000000	4
19	ADESHL	1115.887957	69.268810	42.495924	5
273	ADESHR	1141.343287	88.654206	90.883975	6
64	ADFL	1286.905394	49.896357	53.204462	7
310	ADFR	1291.000000	60.000000	89.000000	8
134	ADLL	1256.894756	39.582222	64.472711	9
186	ADLR	1271.924958	47.606633	77.626830	10
23	AFDL	1297.591763	53.297447	42.431599	11
306	AFDR	1303.000000	69.000000	96.000000	12
553	AIAL	1269.000000	85.000000	57.000000	13
346	AIAR	1265.996641	90.005599	67.011198	14
62	AIBL	1282.556336	65.047428	52.845922	15
239	AIBR	1291.966930	74.597812	84.887052	16
337	AIML	1216.000000	87.321574	56.750339	17
339	AIMR	1235.055109	87.958668	69.876005	18
5	AINL	1190.306417	49.032300	38.367571	19
284	AINR	1207.011130	68.268375	95.045359	20
338	AIYL	1216.000000	84.000000	49.000000	21
340	AIYR	1231.000000	91.000000	79.000000	22
331	AIZL	1214.000000	65.000000	44.000000	23
251	AIZR	1219.571334	79.662454	85.095444	24
185	ALA	1323.903079	35.068905	72.010096	25
74	ALML	839.307748	40.067297	56.631684	26
267	ALMR	852.084950	52.569482	95.138965	27
122	ALNL	244.917193	52.097377	63.124818	28
215	ALNR	246.738611	59.564227	82.896378	29
403	AMSHL	1146.984570	42.991918	43.991918	30
514	AMSHR	1140.881775	60.827874	97.180316	31
57	AMSOL	1479.873447	52.254375	51.823485	32
263	AMSOR	1504.160344	66.825161	92.662491	33
28	ARCADL	1541.896753	61.988095	45.404978	34
378	ARCADR	1524.995768	69.954554	93.995400	35
130	ARCAV	1590.982146	94.208052	64.504463	36
393	ARCPD	1566.000000	43.000000	78.000000	37
43	ARCPDL	1499.180040	52.768972	50.260079	38
262	ARCPDR	1484.020140	64.241900	90.737084	39
385	ARCPV	1554.026997	97.996625	60.973003	40
25	ARCPVL	1515.491249	73.168578	44.751358	41
272	ARCPVR	1512.468067	81.215388	93.019931	42
325	ASEL	1245.002939	55.007348	40.982366	43
292	ASER	1251.758356	71.861581	98.928038	44
41	ASGL	1255.171654	40.611683	48.956667	45
317	ASGR	1259.000000	56.000000	89.000000	46
15	ASHL	1270.274915	58.382027	39.882666	47
307	ASHR	1275.000000	75.000000	96.000000	48
328	ASIL	1243.070306	49.638544	52.496278	49
318	ASIR	1244.890145	51.876414	79.946284	50
4	ASJL	1243.846395	74.589133	37.676280	51
277	ASJR	1252.660804	90.378141	92.927554	52
121	ASKL	1285.892696	40.579304	63.589043	53
214	ASKR	1293.524233	44.847738	81.319063	54
8	AUAL	1264.514851	75.744416	38.290122	55
296	AUAR	1273.921040	90.861206	94.171408	56
14	AVAL	1318.759577	56.490952	40.149941	57
294	AVAR	1324.283298	73.164059	97.729598	58
32	AVBL	1219.384791	47.224217	46.992820	59
315	AVBR	1231.000000	64.000000	88.000000	60
326	AVDL	1223.000000	57.000000	39.000000	61
308	AVDR	1227.000000	76.000000	95.000000	62
58	AVEL	1308.752116	64.126360	51.775393	63
244	AVER	1312.839113	75.255802	86.045632	64
171	AVG	1183.040847	103.990923	67.755825	65
554	AVHL	1235.000000	40.000000	45.000000	66
281	AVHR	1238.369472	54.797687	94.504650	67
3	AVJL	1207.595955	49.334579	37.432183	68
309	AVJR	1222.000000	62.000000	97.000000	69
50	AVKL	1201.297832	88.180333	48.698398	70
194	AVKR	1210.342984	90.405313	75.643733	71
200	AVL	1275.331866	84.379196	78.846175	72
330	AWAL	1270.000000	50.000000	55.000000	73
311	AWAR	1274.000000	66.000000	86.000000	74
327	AWBL	1273.000000	43.000000	46.000000	75
288	AWBR	1274.736364	55.449784	95.096320	76
7	AWCL	1287.719129	67.209924	37.742703	77
299	AWCR	1295.849622	85.432362	97.959871	78
159	B	268.125773	76.261206	69.519127	79
353	BAGL	1380.000000	67.063214	42.782940	80
364	BAGR	1375.000000	85.000000	93.000000	81
27	BDUL	1038.389861	60.684388	46.637954	82
259	BDUR	1069.491467	81.424827	91.559732	83
34	CANL	719.619362	61.227848	49.587627	84
290	CANR	767.091078	72.433829	97.391636	85
484	CCLA	822.000000	91.000000	55.000000	86
86	CCLP	755.665159	92.396790	57.367624	87
234	CCRA	1007.672499	97.499382	85.894195	88
203	CCRP	968.013410	99.213642	79.084855	89
88	CEPDL	1322.927626	34.367000	58.478801	90
241	CEPDR	1330.224700	43.658742	87.269514	91
42	CEPSHDL	1357.318491	47.775799	47.681771	92
268	CEPSHDR	1359.026746	59.692308	90.473917	93
9	CEPSHVL	1348.472081	74.017679	41.514441	94
227	CEPSHVR	1355.595586	92.051091	84.177740	95
358	CEPSODL	1409.927190	47.981797	53.063709	96
381	CEPSODR	1404.000000	60.000000	93.000000	97
30	CEPSOVL	1399.413116	88.380067	47.438936	98
377	CEPSOVR	1396.000000	97.000000	79.000000	99
356	CEPVL	1355.134752	99.865248	56.943262	100
374	CEPVR	1356.139194	99.721612	68.721612	101
119	DA1	1114.383059	103.650824	61.401647	102
549	DA2	1051.000000	102.000000	60.000000	103
128	DA3	960.392767	103.522918	63.902019	104
551	DA4	846.000000	103.000000	67.000000	105
153	DA5	720.536137	100.677528	69.076817	106
552	DA6	560.000000	99.000000	70.000000	107
132	DA7	428.454350	92.444146	66.858217	108
509	DA8	317.000000	77.000000	62.000000	109
216	DA9	314.990480	82.345820	82.822020	110
97	DB1	1149.853264	107.127554	58.598904	111
335	DB2	1219.943329	106.141677	56.226682	112
118	DB3	1076.221355	104.548428	61.730323	113
550	DB4	931.000000	104.000000	65.000000	114
141	DB5	763.593951	100.147089	67.939921	115
147	DB6	590.110600	98.250110	68.160315	116
138	DB7	453.136676	91.925754	68.021236	117
68	DD1	1165.267198	101.072510	54.648074	118
131	DD2	999.974894	102.585139	66.743673	119
148	DD3	824.710049	102.447834	66.996373	120
154	DD4	637.442836	95.854269	68.805378	121
152	DD5	479.729665	90.905073	70.457266	122
510	DD6	328.000000	76.000000	72.000000	123
168	DEP	255.884968	49.275894	75.108845	124
443	DL1	1554.891514	49.963838	52.555288	125
451	DL10	1052.598408	29.364721	61.938329	126
452	DL11	1004.796019	30.147354	64.106928	127
453	DL12	919.262486	33.086549	63.537316	128
454	DL13	878.000000	33.000000	64.000000	129
455	DL14	804.254772	35.200361	63.476026	130
456	DL15	747.691558	34.740431	66.104409	131
457	DL16	666.197311	35.945654	64.074228	132
458	DL17	588.784243	38.325367	68.593374	133
459	DL18	499.739475	39.302625	69.964339	134
558	DL19	441.750344	40.857087	67.810694	135
444	DL2	1514.473102	42.104592	55.751828	136
460	DL20	391.823811	42.079105	68.262485	137
169	DL21	225.917306	52.624161	72.865292	138
445	DL3	1465.510746	35.662939	57.795562	139
446	DL4	1419.787039	37.162529	51.463548	140
447	DL5	1353.000000	32.000000	58.000000	141
448	DL6	1340.000000	39.000000	49.000000	142
449	DL7	1218.067315	28.897712	61.795425	143
450	DL8	1151.895840	27.792506	54.508584	144
87	DL9	1119.083826	33.818869	58.607002	145
258	DR1	1543.776884	59.956557	90.016626	146
247	DR10	1115.062724	45.637073	88.234358	147
464	DR11	1066.208781	34.405624	83.295928	148
257	DR12	984.195362	40.325791	90.670836	149
463	DR13	923.563585	37.474913	85.574945	150
240	DR14	850.748693	39.810782	87.353091	151
229	DR15	806.471023	38.106550	83.218986	152
246	DR16	707.867571	39.360474	88.059429	153
242	DR17	632.630145	42.364658	87.734935	154
462	DR18	570.090328	43.198908	85.263339	155
461	DR19	480.421297	43.739824	84.395450	156
469	DR2	1511.176002	53.363859	90.531684	157
218	DR20	402.296743	45.726111	83.095375	158
503	DR21	286.000000	49.000000	83.000000	159
249	DR3	1475.254974	45.508833	87.339488	160
468	DR4	1428.088783	51.324166	93.459290	161
467	DR5	1384.006634	50.265356	93.092383	162
248	DR6	1354.667625	42.699245	86.560187	163
466	DR7	1250.169167	36.617708	79.076250	164
465	DR8	1212.865244	39.543829	86.729143	165
221	DR9	1136.445897	36.626383	84.508263	166
179	DVA	270.577031	57.601221	74.032644	167
170	DVC	250.670890	68.603314	69.519168	168
431	E1D	1536.713574	50.770859	72.343711	169
438	E1VL	1555.000000	77.000000	53.000000	170
435	E1VR	1552.464141	81.903924	79.653586	171
177	E2D	1616.487496	53.493053	73.836061	172
99	E2VL	1624.126117	76.118900	60.611168	173
198	E2VR	1621.344067	81.159433	79.142982	174
427	E3D	1492.000000	53.000000	73.000000	175
432	E3VL	1525.000000	77.000000	56.000000	176
433	E3VR	1520.103292	83.225952	77.584033	177
557	EXC	1234.000000	86.000000	55.000000	178
555	EXC/DUCT	1251.000000	79.000000	53.000000	179
22	EXC/GL/L	1157.525214	88.910232	43.716886	180
474	EXC/GL/R	1188.000000	97.000000	80.000000	181
178	F	289.223368	63.839874	74.428123	182
324	FLPL	1205.000000	76.000000	36.000000	183
280	FLPR	1211.229105	91.979172	92.922369	184
120	G1	1290.804978	107.505823	60.026033	185
69	G1AL	1198.742171	46.908623	55.337409	186
222	G1AR	1195.067248	61.306766	83.057285	187
401	G1P	1141.299319	55.269698	79.856487	188
117	G2	1271.673872	101.090226	59.912907	189
76	G2L	1144.030983	82.511100	55.282996	190
175	G2R	1142.768987	87.144078	73.386325	191
129	GLRDL	1328.909655	50.660734	63.775351	192
314	GLRDR	1329.657375	50.520906	76.923345	193
83	GLRL	1320.494382	70.988229	53.992242	194
320	GLRR	1325.014005	78.463051	80.728248	195
93	GLRVL	1321.623523	83.757738	59.339617	196
195	GLRVR	1323.414399	88.515950	74.900498	197
11	H0L	1474.403201	61.235314	39.050060	198
297	H0R	1477.537453	80.361236	98.180150	199
556	H1L	1359.324675	64.638655	36.667303	200
363	H1R	1359.584162	84.716759	98.632781	201
321	H2L	1140.347905	61.196418	36.991348	202
513	H2R	1184.826595	80.425584	97.882712	203
167	HMC	1230.655787	39.544986	72.451364	204
48	HSNL	687.928416	77.923396	50.047577	205
245	HSNR	689.135563	87.319626	91.143094	206
496	HYP101	90.844277	68.130358	71.011077	207
495	HYP102	45.614936	68.312576	71.403065	208
497	HYP11	140.122108	55.963057	66.412794	209
362	HYP1L	1460.000000	50.000000	47.000000	210
283	HYP1R	1463.495732	64.728980	94.531370	211
386	HYP1V	1546.000000	99.000000	69.000000	212
31	HYP2L	1517.984004	55.062006	46.800144	213
384	HYP2V	1571.000000	97.000000	69.000000	214
391	HYP31	1601.000000	44.000000	68.000000	215
392	HYP32	1586.000000	42.000000	73.000000	216
164	HYP4D	1665.182429	51.876661	71.620291	217
145	HYP4V1	1656.923646	89.554084	68.752193	218
146	HYP4V2	1624.434587	91.738168	67.785136	219
45	HYP5L	1588.536025	64.829481	48.242570	220
383	HYP5R	1582.701138	73.916308	92.970038	221
176	HYP6D1	1537.441811	34.797345	73.091491	222
166	HYP6D2	1502.819962	39.480898	71.009551	223
400	HYP6D3	1466.677716	36.092449	73.015285	224
399	HYP6D4	1426.781309	32.751943	72.358784	225
127	HYP6V1	1510.448078	101.144726	61.244890	226
133	HYP6V2	1467.405950	102.470721	64.279043	227
151	HYP71	190.691991	74.234179	68.603325	228
158	HYP72	170.718350	69.673668	71.062822	229
24	HYP7ABLD	1068.777924	49.885667	43.640362	230
527	HYP7ABLV	1078.953348	65.979228	42.010329	231
517	HYP7ABR3	1008.545828	43.976626	47.678000	232
516	HYP7ABRD	1094.486182	69.773834	96.368154	233
515	HYP7ABRV	1108.984147	88.980850	93.591630	234
398	HYP7D1	1388.978042	31.194747	71.667556	235
397	HYP7D2	1291.078783	28.838118	71.224477	236
530	HYP7LC1	933.210693	47.097796	48.609183	237
533	HYP7LC2	873.350790	49.341168	50.046323	238
52	HYP7LC3	771.681201	48.081226	50.602840	239
537	HYP7LC4	637.000000	48.000000	52.000000	240
539	HYP7LC5	494.469385	45.349778	56.776491	241
542	HYP7LC6	308.747324	43.954630	59.147278	242
301	HYP7RC1	971.381997	63.930318	99.974983	243
518	HYP7RC2	877.499338	66.409292	98.922423	244
302	HYP7RC3	736.869853	61.126657	99.764713	245
521	HYP7RC4	617.934116	61.636679	97.324988	246
523	HYP7RC5	480.668487	58.429667	95.406916	247
526	HYP7RC6	283.000000	56.000000	93.000000	248
390	HYP7V1	1410.750761	110.612918	60.784461	249
142	HYP7V2	1379.743705	113.188849	62.833633	250
157	HYP8	147.401771	66.451497	72.627990	251
165	HYP9	117.623508	66.319979	71.526665	252
428	I1L	1489.411608	74.449819	58.744861	253
192	I1R	1484.364043	81.537773	76.936825	254
49	I2L	1444.351394	79.796743	50.310993	255
419	I2R	1451.000000	86.000000	83.000000	256
155	I3	1424.261201	48.732975	69.963038	257
162	I4	1206.246753	41.700564	71.802499	258
114	I5	1192.138688	84.256198	60.810950	259
78	I6	1183.523050	37.979381	58.643260	260
135	IL1DL	1385.918143	46.499297	63.023347	261
196	IL1DR	1388.032626	47.686257	74.797765	262
20	IL1L	1396.377803	72.330937	43.549454	263
274	IL1R	1400.934664	84.275507	89.820727	264
357	IL1VL	1368.000000	99.000000	62.000000	265
375	IL1VR	1385.000000	98.000000	65.000000	266
109	IL2DL	1402.247758	38.468822	61.193743	267
217	IL2DR	1405.923618	45.639369	81.858256	268
6	IL2L	1423.725675	64.420381	38.763967	269
295	IL2R	1416.540769	78.040534	98.123946	270
95	IL2VL	1391.768064	98.531073	55.882545	271
376	IL2VR	1397.072983	99.145967	70.416133	272
361	ILSHDL	1442.000000	48.000000	47.000000	273
285	ILSHDR	1443.125521	63.626447	96.192682	274
21	ILSHL	1473.497210	76.452562	44.317352	275
279	ILSHR	1458.691001	88.399788	92.552960	276
26	ILSHVL	1460.946027	83.866267	44.919340	277
388	ILSHVR	1500.000000	99.000000	72.000000	278
394	ILSODL	1557.000000	43.000000	64.000000	279
219	ILSODR	1541.774010	46.082914	81.089477	280
29	ILSOL	1499.963441	69.951182	44.605079	281
260	ILSOR	1494.888504	83.995152	91.216297	282
389	ILSOVL	1529.000000	97.000000	61.000000	283
387	ILSOVR	1522.979753	100.010124	70.030371	284
72	IML	398.629222	75.627386	54.580580	285
106	IMR	361.960137	78.440034	62.002053	286
188	IND2	997.314745	47.723284	77.766249	287
149	IND3	926.116255	48.678958	71.615840	288
136	IND4	862.665994	49.852928	70.186935	289
187	IND5	778.511580	49.397414	79.023406	290
156	IND6	620.265177	50.554581	70.202300	291
173	IND7	510.459971	53.224947	78.199530	292
143	IND8	421.040470	52.699867	70.668000	293
548	IND9	366.814971	48.355526	66.078067	294
89	INDL1	1052.548871	45.000903	59.188939	295
253	INDR1	1052.606608	52.159513	89.065582	296
92	INV2	999.783062	82.463415	58.660865	297
126	INV3	935.335995	84.676871	65.650991	298
546	INV4	835.639457	83.366091	71.759803	299
110	INV5	735.060720	69.879426	62.772710	300
225	INV6	674.802176	64.296693	84.570417	301
137	INV7	558.059327	81.342811	69.199466	302
160	INV8	456.840454	78.410491	75.986027	303
547	INV9	377.857982	78.560113	80.297380	304
545	INVL1	1053.764486	78.608011	55.351936	305
193	INVR1	1055.786665	92.164725	79.025315	306
505	K	288.000000	49.000000	70.000000	307
502	K'	302.000000	55.000000	86.000000	308
80	LUAL	267.222808	54.271203	58.897700	309
499	LUAR	265.000000	63.000000	87.000000	310
254	M	564.211279	63.663599	88.753671	311
230	M1	1180.160751	51.521255	84.699752	312
61	M2L	1203.034629	64.391859	51.963548	313
405	M2R	1202.000000	78.000000	78.000000	314
100	M3L	1403.233081	78.254614	57.859442	315
412	M3R	1400.327565	81.316354	75.344138	316
144	M4	1407.750654	56.424510	68.008007	317
77	M5	1149.344211	40.017252	57.927250	318
421	MC1DL	1460.000000	53.000000	58.000000	319
422	MC1DR	1457.921022	61.138211	82.118467	320
420	MC1V	1455.483432	89.085804	66.184862	321
410	MC2DL	1236.112055	55.683484	60.469995	322
411	MC2DR	1240.591182	64.781036	73.704195	323
91	MC2V	1233.072875	74.479965	62.341480	324
404	MC3DL	1161.658946	46.782281	49.239722	325
236	MC3DR	1158.552518	66.526388	86.814509	326
115	MC3V	1159.890200	88.464489	61.416649	327
107	MCL	1454.454488	73.194418	59.252141	328
418	MCR	1455.000000	77.000000	76.000000	329
413	MI	1439.000000	43.819216	71.528445	330
66	NSML	1427.399267	80.318943	54.864469	331
209	NSMR	1425.530977	82.338179	80.532319	332
365	OLLL	1399.000000	59.000000	51.000000	333
237	OLLR	1395.993129	69.187695	85.253904	334
17	OLLSHL	1456.728854	69.952125	41.036711	335
298	OLLSHR	1443.523291	83.278943	97.130210	336
359	OLLSOL	1418.000000	50.000000	46.000000	337
380	OLLSOR	1420.000000	63.000000	93.000000	338
368	OLQDL	1370.000000	42.000000	59.000000	339
382	OLQDR	1372.000000	47.000000	81.000000	340
360	OLQSHDL	1431.994407	50.001119	40.996644	341
379	OLQSHDR	1427.000000	68.000000	101.000000	342
18	OLQSHVL	1435.006694	73.922207	39.875115	343
287	OLQSHVR	1429.969905	87.703640	96.321869	344
395	OLQSODL	1529.142975	41.729752	63.327686	345
396	OLQSODR	1517.000000	45.000000	79.000000	346
38	OLQSOVL	1488.303562	82.236578	47.159558	347
256	OLQSOVR	1478.224490	89.270204	87.303946	348
54	OLQVL	1366.707738	81.951488	49.581250	349
371	OLQVR	1373.000000	88.000000	81.000000	350
529	P1/2L	957.870590	80.585633	44.092670	351
291	P1/2R	970.711296	95.340438	94.429180	352
541	P11/12L	353.478741	68.282029	52.242063	353
525	P11/12R	351.544392	79.255906	94.345188	354
532	P3/4L	849.861448	81.841919	48.076936	355
275	P3/4R	866.971373	93.075942	92.842183	356
535	P5/6L	732.000000	79.000000	46.000000	357
519	P5/6R	751.760870	88.636322	96.763134	358
63	P7/8L	608.061423	77.291131	51.316985	359
520	P7/8R	618.397230	88.512303	93.437896	360
65	P9/10L	472.419150	72.948778	52.677938	361
265	P9/10R	475.364611	84.258415	92.616843	362
84	PHAL	281.645175	69.560033	57.994007	363
501	PHAR	282.000000	77.000000	85.000000	364
79	PHBL	281.320929	55.809202	57.814614	365
500	PHBR	278.819775	69.579474	89.240300	366
104	PHSHL	232.433018	62.424153	61.048463	367
208	PHSHR	233.610743	64.531167	81.447613	368
105	PLML	214.048105	69.935784	62.324938	369
180	PLMR	220.318799	72.085294	77.901320	370
423	PM1DL	1462.000000	50.678426	68.249661	371
424	PM1DR	1462.000000	54.000000	76.000000	372
82	PM1L	1468.140071	65.431738	56.948138	373
425	PM1R	1468.000000	74.000000	83.000000	374
112	PM1VL	1466.517136	82.506426	59.367197	375
426	PM1VR	1468.000000	84.000000	76.000000	376
440	PM2D1	1581.000000	56.000000	73.000000	377
439	PM2D2	1568.000000	54.000000	72.000000	378
442	PM2VL1	1597.000000	74.000000	58.000000	379
441	PM2VL2	1582.000000	76.000000	57.000000	380
199	PM2VR1	1594.338155	81.646100	78.831564	381
197	PM2VR2	1576.103127	81.974696	79.619241	382
434	PM3DL	1547.443742	55.905815	65.662453	383
430	PM3DR	1519.759420	59.493381	76.523167	384
123	PM3L	1504.591136	69.567811	59.875042	385
429	PM3R	1506.140049	75.465430	77.815772	386
437	PM3VL	1542.111111	82.583533	61.223821	387
436	PM3VR	1541.165997	85.063103	72.600482	388
414	PM4DL	1439.000000	47.000000	62.000000	389
207	PM4DR	1438.161848	54.498628	79.559612	390
415	PM4L	1440.657095	64.452261	53.433357	391
226	PM4R	1440.220664	73.164997	83.939657	392
416	PM4VL	1441.488351	88.253997	59.923024	393
417	PM4VR	1438.439425	90.639467	74.232098	394
409	PM5DL	1218.000000	47.000000	64.000000	395
206	PM5DR	1217.859495	53.969372	75.693338	396
408	PM5L	1217.000000	58.000000	56.000000	397
189	PM5R	1215.346973	69.422828	76.580043	398
406	PM5VL	1207.965318	73.930636	57.843931	399
407	PM5VR	1210.000000	78.000000	67.000000	400
182	PM6D	1182.060619	41.189911	72.919245	401
59	PM6VL	1183.104173	66.998849	51.366906	402
190	PM6VR	1183.998189	81.884306	77.105634	403
402	PM7D	1157.201573	39.100951	71.726155	404
36	PM7VL	1159.475368	69.596271	48.876742	405
191	PM7VR	1160.321759	83.245329	77.545575	406
111	PM8	1135.356919	78.037257	64.559487	407
75	PVCL	255.803482	62.798029	56.675545	408
238	PVCR	255.897610	73.139005	84.974786	409
512	PVPL	338.000000	79.000000	65.000000	410
511	PVPR	334.000000	79.000000	82.000000	411
81	PVQL	299.001757	60.595159	57.246535	412
250	PVQR	298.477217	72.360696	89.596696	413
174	PVR	186.406473	58.302615	76.055769	414
183	PVT	351.468992	83.688574	78.631446	415
538	QL	568.000000	69.000000	54.000000	416
264	QR	571.501901	83.512671	94.186138	417
504	REPD	311.000000	45.000000	76.000000	418
90	REPVL	318.390517	60.289988	59.431217	419
255	REPVR	322.150073	69.359557	91.080850	420
333	RIAL	1302.000000	50.000000	58.000000	421
312	RIAR	1306.000000	59.000000	85.000000	422
44	RIBL	1257.585638	64.380833	49.340598	423
232	RIBR	1257.841533	74.825711	83.381706	424
2	RICL	1223.140503	74.231797	36.223781	425
305	RICR	1228.000000	90.000000	94.000000	426
181	RID	1345.255145	33.544650	73.177241	427
96	RIFL	1201.036861	101.263743	57.306641	428
172	RIFR	1198.001363	103.533560	70.838842	429
67	RIGL	1184.100879	101.265132	55.017331	430
103	RIGR	1132.587571	104.155367	59.163585	431
139	RIH	1302.526473	92.313192	64.363446	432
35	RIML	1233.325798	64.424202	48.544681	433
233	RIMR	1240.494115	77.152771	84.062285	434
366	RIPL	1380.000000	64.000000	53.000000	435
224	RIPR	1379.190206	71.134021	82.678608	436
347	RIR	1292.000000	85.000000	77.000000	437
211	RIS	1217.013150	101.317896	78.612922	438
73	RIVL	1223.376074	36.342998	55.111684	439
316	RIVR	1218.000000	53.000000	89.000000	440
349	RMDDL	1313.143519	88.035880	47.892361	441
342	RMDDR	1313.000000	102.000000	82.000000	442
13	RMDL	1321.507929	73.796124	39.163353	443
286	RMDR	1325.646856	90.445376	93.560543	444
16	RMDVL	1338.207761	57.895565	41.525721	445
289	RMDVR	1344.563333	72.578750	97.117917	446
369	RMED	1368.968633	42.959671	70.893951	447
367	RMEL	1364.000000	63.000000	48.000000	448
372	RMER	1363.000000	74.000000	87.000000	449
124	RMEV	1339.391753	103.125184	62.015464	450
1	RMGL	1167.469983	74.298038	35.691082	451
261	RMGR	1162.397609	94.005314	90.947998	452
350	SAADL	1305.000000	86.000000	54.000000	453
345	SAADR	1308.071836	91.000000	75.917902	454
70	SAAVL	1322.422855	51.764824	52.956822	455
313	SAAVR	1326.000000	61.000000	85.000000	456
334	SABD	1165.000000	104.000000	68.000000	457
336	SABVL	1225.000000	98.000000	64.000000	458
140	SABVR	1211.560854	103.476512	66.339502	459
352	SIADL	1274.000000	79.000000	48.000000	460
344	SIADR	1266.000000	97.000000	84.000000	461
33	SIAVL	1256.332938	90.391691	47.340059	462
201	SIAVR	1253.938290	91.551278	76.191008	463
10	SIBDL	1305.556725	72.417310	38.684444	464
278	SIBDR	1310.178860	91.331988	94.576186	465
53	SIBVL	1295.263368	76.333743	51.480639	466
348	SIBVR	1301.000000	91.000000	84.000000	467
40	SMBDL	1274.476024	94.518260	47.433789	468
341	SMBDR	1274.000000	100.000000	74.000000	469
351	SMBVL	1285.000000	87.000000	56.000000	470
343	SMBVR	1286.000000	95.000000	66.000000	471
39	SMDDL	1293.138136	92.201250	46.558202	472
213	SMDDR	1289.901685	103.216292	78.934831	473
332	SMDVL	1308.000000	41.000000	52.000000	474
282	SMDVR	1316.039083	54.584367	93.907559	475
507	SPH	337.881533	63.921022	60.138211	476
506	TL	196.779636	58.906545	61.408727	477
498	TR	202.000000	62.000000	81.000000	478
508	U	309.821319	73.924847	69.178681	479
56	URADL	1391.473451	46.224484	51.201180	480
220	URADR	1393.597276	58.547824	81.858454	481
355	URAVL	1372.018038	93.977452	52.959414	482
373	URAVR	1375.000000	99.000000	74.000000	483
354	URBL	1404.065442	60.014925	40.874856	484
300	URBR	1395.513621	75.839671	98.137344	485
329	URXL	1308.000000	41.000000	66.000000	486
319	URXR	1313.000000	46.000000	78.000000	487
47	URYDL	1375.820603	47.393035	48.472052	488
243	URYDR	1376.273915	59.046844	88.420118	489
46	URYVL	1383.471926	81.967463	49.289087	490
370	URYVR	1388.000000	89.000000	86.000000	491
528	V1L	1002.740855	66.628191	44.634206	492
293	V1R	1037.685495	77.792666	98.318280	493
531	V2L	903.904066	75.112486	46.868231	494
270	V2R	924.737078	87.160755	94.237017	495
534	V3L	791.513805	74.336483	47.765097	496
271	V3R	807.362518	86.600052	93.856884	497
536	V4L	655.604875	67.936083	50.276219	498
276	V4R	664.562026	80.604839	96.133657	499
71	V5L	510.250034	64.198331	55.441800	500
522	V5R	510.395876	75.096055	94.861808	501
540	V6L	428.630001	62.509094	51.779427	502
524	V6R	423.574064	73.630733	91.273590	503
150	VIRL	333.620102	52.480409	69.886104	504
223	VIRR	333.220094	58.031665	83.438819	505
37	VL1	1540.694366	79.125070	45.892958	506
488	VL10	1060.296905	94.209728	52.697410	507
94	VL11	986.275286	97.052297	58.411839	508
487	VL12	928.000000	88.000000	52.000000	509
486	VL13	853.082823	94.013639	58.852342	510
485	VL14	788.533055	89.995821	56.226064	511
102	VL15	730.478336	89.682132	60.912385	512
483	VL16	637.710358	86.925328	57.875310	513
116	VL17	496.058065	86.112289	60.550691	514
482	VL18	407.060460	85.205490	60.553042	515
98	VL19	240.502917	75.382975	59.792745	516
494	VL2	1510.956641	90.806472	50.581641	517
55	VL3	1470.535285	95.548799	51.382633	518
493	VL4	1414.195365	88.970766	44.278075	519
492	VL5	1346.605791	99.581292	48.601707	520
491	VL6	1338.316069	89.287517	42.673307	521
490	VL7	1222.000000	101.000000	48.000000	522
489	VL8	1173.474586	94.837967	44.823083	523
51	VL9	1124.073349	95.119817	49.010002	524
163	VPI1	1121.668317	52.875766	73.984441	525
60	VPI2DL	1123.310266	60.050805	53.579344	526
231	VPI2DR	1126.250421	71.397232	84.600898	527
101	VPI2V	1128.876321	87.536744	62.371037	528
125	VPI3D	1112.038192	56.325409	66.716680	529
85	VPI3V	1118.070400	83.774939	58.690949	530
266	VR1	1530.049151	88.646113	89.901102	531
475	VR10	1095.537141	102.970287	77.916844	532
476	VR11	1028.351428	103.179056	76.062791	533
212	VR12	941.339362	98.868794	81.652660	534
204	VR13	896.292678	99.307853	78.596358	535
477	VR14	830.000000	98.000000	83.000000	536
202	VR15	779.670685	96.284591	79.820929	537
210	VR16	673.767742	93.300717	81.577778	538
478	VR17	593.930582	92.562695	84.736398	539
479	VR18	517.765690	91.101967	85.429413	540
480	VR19	431.898493	88.840127	82.090404	541
252	VR2	1501.434410	96.323521	84.090883	542
481	VR20	240.569386	79.646131	76.184399	543
470	VR3	1463.662396	103.165065	79.361307	544
235	VR4	1411.427843	100.917313	83.984261	545
471	VR5	1353.000000	106.000000	75.000000	546
472	VR6	1339.442093	103.091054	85.569888	547
473	VR7	1239.664052	104.819346	73.955294	548
228	VR8	1158.242896	103.391203	80.260023	549
184	VR9	1129.594082	103.373616	74.162864	550
108	W	1248.175948	102.611137	58.671034	551
12	XXXL	1410.114526	73.815866	41.320200	552
269	XXXR	1415.101414	88.675895	91.414986	553
161	YPDA	297.056558	87.587645	70.058163	554
205	Z1	749.322388	82.637720	80.999457	555
544	Z2	726.822323	82.344686	83.748872	556
543	Z3	695.934736	85.197873	65.043458	557
113	Z4	666.126901	84.025712	62.684269	558
