label_number	label_name	x	y	z	Aligned_No
1	ADAL	1070.747486	78.094591	35.208209	1
395	ADAR	1085.000000	90.000000	87.000000	2
393	ADEL	1079.000000	70.000000	40.000000	3
396	ADER	1090.988802	78.005599	81.996641	4
7	ADESHL	1043.617508	63.253420	36.614275	5
234	ADESHR	1048.128621	86.224026	85.547453	6
435	ADFL	1159.000000	49.000000	51.000000	7
436	ADFR	1162.000000	57.000000	77.000000	8
93	ADLL	1140.679509	42.151313	57.893457	9
433	ADLR	1145.000000	48.959368	69.959368	10
406	AFDL	1171.913405	53.000000	40.721234	11
408	AFDR	1170.029520	58.003690	87.036900	12
450	AIAL	1152.929495	86.123384	54.209166	13
449	AIAR	1151.996625	91.016873	64.033746	14
50	AIBL	1159.824156	66.330697	48.045026	15
196	AIBR	1158.915123	70.334259	76.004630	16
521	AIML	1104.000000	92.000000	54.000000	17
519	AIMR	1115.000000	93.000000	64.000000	18
13	AINL	1088.569777	53.600788	38.437319	19
397	AINR	1092.935412	63.975501	83.995546	20
520	AIYL	1103.000000	81.000000	44.000000	21
206	AIYR	1114.227103	90.420638	75.094488	22
29	AIZL	1099.633637	64.313111	44.736097	23
413	AIZR	1107.000000	75.000000	78.000000	24
143	ALA	1199.390000	41.140937	65.658125	25
21	ALML	771.221182	44.331136	44.457890	26
209	ALMR	798.220223	49.176949	80.026778	27
319	ALNL	248.000000	50.837368	54.902421	28
161	ALNR	244.583357	53.190490	71.323862	29
17	AMSHL	1063.406962	48.319295	39.140309	30
346	AMSHR	1071.000000	63.000000	89.000000	31
496	AMSOL	1335.125654	59.010471	47.010471	32
227	AMSOR	1349.236465	59.494295	85.878369	33
15	ARCADL	1381.560363	65.559498	39.551277	34
225	ARCADR	1372.606968	62.571097	84.898581	35
97	ARCAV	1402.611877	94.781902	57.464122	36
94	ARCPD	1405.901531	45.199764	56.790342	37
495	ARCPDL	1349.000000	61.000000	46.000000	38
488	ARCPDR	1334.000000	59.000000	84.000000	39
507	ARCPV	1377.000000	96.000000	57.000000	40
497	ARCPVL	1364.000000	76.000000	43.000000	41
232	ARCPVR	1371.685778	72.844141	85.471194	42
389	ASEL	1132.000000	53.000000	37.000000	43
241	ASER	1129.334083	64.531924	89.711106	44
419	ASGL	1133.000000	44.000000	47.000000	45
223	ASGR	1130.951912	48.374276	83.042874	46
5	ASHL	1152.863636	56.422433	35.610810	47
392	ASHR	1149.000000	67.000000	89.000000	48
432	ASIL	1124.000000	49.000000	57.000000	49
180	ASIR	1123.375807	50.842458	70.959120	50
3	ASJL	1129.851153	71.796224	33.795978	51
391	ASJR	1131.000000	83.000000	89.000000	52
431	ASKL	1164.424165	43.575835	57.508997	53
187	ASKR	1162.299340	42.918062	72.196347	54
390	AUAL	1150.951456	75.951456	34.902913	55
240	AUAR	1155.170337	83.171731	88.204070	56
6	AVAL	1189.997380	59.592612	35.511658	57
246	AVAR	1188.718461	66.158962	89.250224	58
416	AVBL	1112.000000	54.000000	48.000000	59
204	AVBR	1116.113122	62.338009	76.401357	60
402	AVDL	1110.994819	60.031088	36.943005	61
242	AVDR	1113.186091	67.800572	88.307717	62
55	AVEL	1181.262619	65.158254	48.628083	63
412	AVER	1180.000000	71.000000	78.000000	64
116	AVG	1069.416811	103.260399	58.873050	65
20	AVHL	1117.138767	41.572137	42.232654	66
229	AVHR	1115.802971	48.205517	84.588360	67
394	AVJL	1101.000000	48.000000	39.000000	68
398	AVJR	1102.981859	57.048753	84.061224	69
54	AVKL	1087.031648	83.918880	47.807930	70
172	AVKR	1091.332033	90.726492	72.376902	71
445	AVL	1151.000000	82.000000	74.000000	72
59	AWAL	1144.324623	55.916957	51.470674	73
437	AWAR	1145.000000	58.000000	78.000000	74
420	AWBL	1149.000000	42.000000	44.000000	75
421	AWBR	1149.317487	51.523769	84.476231	76
546	AWCL	1169.000000	70.000000	34.000000	77
244	AWCR	1168.554119	73.446895	90.025602	78
128	B	265.442854	72.155237	61.729967	79
473	BAGL	1231.888889	78.772222	39.777778	80
460	BAGR	1242.000000	76.103698	87.486334	81
18	BDUL	935.663576	63.864717	42.620067	82
215	BDUR	973.870149	75.170124	81.208201	83
22	CANL	689.133088	55.584722	43.247349	84
213	CANR	717.825103	62.664815	79.988477	85
46	CCLA	719.903640	87.823059	47.000842	86
259	CCLP	691.000000	83.000000	46.000000	87
182	CCRA	922.308450	94.079316	75.420425	88
159	CCRP	895.478877	97.120706	68.757892	89
425	CEPDL	1200.000000	38.000000	50.000000	90
423	CEPDR	1195.000000	42.000000	79.000000	91
27	CEPSHDL	1229.056122	55.234694	43.037075	92
462	CEPSHDR	1227.000000	62.000000	81.000000	93
555	CEPSHVL	1222.000000	88.000000	45.000000	94
220	CEPSHVR	1223.336356	86.732619	80.622424	95
476	CEPSODL	1270.000000	56.000000	35.000000	96
533	CEPSODR	1283.986765	60.002941	86.019853	97
32	CEPSOVL	1263.628116	93.129546	43.425010	98
186	CEPSOVR	1269.159074	97.110530	74.425317	99
554	CEPVL	1221.000000	99.000000	55.000000	100
523	CEPVR	1224.773541	103.135409	66.209339	101
117	DA1	1016.013936	103.662814	57.672672	102
84	DA2	954.474456	100.294891	56.550329	103
92	DA3	881.556329	101.513554	57.315842	104
98	DA4	795.941416	97.816353	58.764137	105
293	DA5	681.113475	90.075650	62.378251	106
91	DA6	542.702939	89.018553	58.048780	107
82	DA7	417.142018	87.155099	60.613454	108
331	DA8	315.864947	78.019727	53.844461	109
170	DA9	307.120365	75.980354	71.519369	110
104	DB1	1050.596887	105.480623	58.929479	111
102	DB2	1108.151393	104.323779	56.878482	112
85	DB3	979.913464	103.708143	55.930933	113
103	DB4	858.179870	101.873692	57.726457	114
249	DB5	713.000000	93.000000	60.000000	115
83	DB6	570.057782	87.454120	56.848830	116
106	DB7	441.323071	86.420499	60.437207	117
63	DD1	1059.566619	97.899717	50.611269	118
101	DD2	912.290962	100.615998	59.405510	119
108	DD3	771.293655	94.898426	58.399656	120
113	DD4	601.767388	86.837404	60.086067	121
107	DD5	467.574074	87.384405	60.036257	122
550	DD6	323.000000	77.000000	62.000000	123
127	DEP	259.239150	46.765099	64.043096	124
48	DL1	1384.016576	54.239194	47.909778	125
306	DL10	998.413687	36.166667	48.757313	126
307	DL11	940.903498	31.106135	53.706439	127
308	DL12	878.667508	35.148395	49.584385	128
543	DL13	833.000000	34.000000	52.000000	129
542	DL14	772.077796	34.147544	51.153322	130
309	DL15	730.460679	34.552683	53.198467	131
65	DL16	687.941702	34.086272	52.665256	132
78	DL17	585.180650	35.633063	55.452639	133
75	DL18	521.271897	39.517941	54.066191	134
79	DL19	452.597000	40.093130	55.633285	135
281	DL2	1366.014318	48.057272	47.842502	136
71	DL20	394.991014	43.816494	53.368810	137
110	DL21	229.809077	51.225665	61.189671	138
282	DL3	1333.557229	45.045181	50.750000	139
283	DL4	1295.000000	45.000000	43.000000	140
284	DL5	1248.994629	42.867188	41.936035	141
285	DL6	1228.374353	35.940860	49.759259	142
304	DL7	1121.835827	32.527699	58.764456	143
305	DL8	1087.591412	30.910502	53.864583	144
74	DL9	1030.503467	29.455292	54.093431	145
231	DR1	1383.092019	53.585801	83.160751	146
212	DR10	999.851780	44.646484	79.088759	147
174	DR11	962.445925	38.272482	74.916990	148
179	DR12	887.979615	38.247035	75.485360	149
156	DR13	848.563700	35.850258	71.995384	150
301	DR14	790.016176	37.989706	74.014706	151
151	DR15	744.498274	35.298734	69.654776	152
173	DR16	675.531122	36.596093	73.662881	153
157	DR17	610.957911	36.473884	70.587475	154
160	DR18	548.815370	39.753262	69.786129	155
302	DR19	479.459079	42.198472	68.921375	156
274	DR2	1354.062818	47.296144	79.679845	157
303	DR20	408.588973	44.100597	69.889735	158
336	DR21	308.000000	43.000000	70.000000	159
208	DR3	1318.201406	43.514606	77.321546	160
275	DR4	1295.276019	48.023737	84.947048	161
191	DR5	1237.472652	37.843833	75.912863	162
276	DR6	1219.546020	46.596127	81.643746	163
183	DR7	1121.678042	34.475079	72.838797	164
207	DR8	1086.069141	37.269141	78.495016	165
190	DR9	1027.444620	37.280932	78.833509	166
329	DVA	274.000000	52.000000	63.000000	167
327	DVC	248.000000	61.000000	61.000000	168
379	E1D	1363.000000	55.000000	70.000000	169
388	E1VL	1371.218776	75.623638	51.888516	170
387	E1VR	1375.165011	79.884645	76.139037	171
139	E2D	1436.513732	53.136626	64.840988	172
68	E2VL	1434.579692	74.547649	52.861423	173
158	E2VR	1440.617055	78.780833	69.771668	174
374	E3D	1318.000000	54.000000	63.000000	175
528	E3VL	1346.000000	79.000000	53.000000	176
198	E3VR	1342.386262	83.029438	73.724353	177
452	EXC	1122.309026	90.917389	56.690974	178
52	EXC/DUCT	1135.090885	82.518657	50.348614	179
41	EXC/GL/L	1048.259322	93.039831	44.913842	180
201	EXC/GL/R	1073.085217	91.089739	75.940174	181
328	F	288.000000	61.000000	63.000000	182
401	FLPL	1093.000000	74.000000	37.000000	183
399	FLPR	1101.477414	72.764393	85.713020	184
114	G1	1182.142712	104.263729	59.428475	185
76	G1AL	1067.909161	51.020645	53.182710	186
193	G1AR	1071.672922	59.179088	77.076139	187
169	G1P	1013.839692	59.858272	73.099427	188
451	G2	1160.968912	99.005181	56.943005	189
354	G2L	1018.000000	81.000000	52.000000	190
150	G2R	1018.035115	88.199620	69.245492	191
417	GLRDL	1197.000000	54.000000	57.000000	192
418	GLRDR	1196.163546	53.684145	70.631710	193
67	GLRL	1193.259036	70.896200	50.625116	194
410	GLRR	1191.961187	77.910959	77.061644	195
61	GLRVL	1194.635267	81.365512	49.743091	196
438	GLRVR	1196.000000	87.000000	71.000000	197
352	H0L	1331.000000	70.000000	38.000000	198
349	H0R	1328.966592	68.060134	91.046771	199
351	H1L	1231.372313	68.973345	32.315563	200
348	H1R	1215.089899	74.071049	92.026100	201
350	H2L	1079.000000	62.654676	32.654676	202
347	H2R	1092.860699	77.055085	92.588453	203
147	HMC	1103.829248	41.012527	64.820534	204
24	HSNL	652.192238	72.630002	42.540720	205
237	HSNR	663.854196	79.292417	82.912235	206
141	HYP101	100.997406	67.834237	65.456025	207
343	HYP102	67.058746	69.317809	62.702302	208
344	HYP11	147.000000	61.000000	64.000000	209
518	HYP1L	1323.000000	58.000000	46.000000	210
490	HYP1R	1318.000000	60.000000	84.000000	211
508	HYP1V	1389.000000	96.000000	66.000000	212
494	HYP2L	1362.000000	62.000000	44.000000	213
125	HYP2V	1418.429357	94.035509	62.440610	214
502	HYP31	1438.000000	43.000000	62.000000	215
503	HYP32	1421.000000	43.000000	68.000000	216
134	HYP4D	1488.666069	51.147816	62.731019	217
120	HYP4V1	1480.124111	85.720578	60.034641	218
112	HYP4V2	1444.526209	91.260967	59.656918	219
28	HYP5L	1422.251938	65.532364	42.984109	220
487	HYP5R	1420.409800	66.541945	82.487936	221
137	HYP6D1	1376.584620	37.281176	64.826603	222
145	HYP6D2	1343.284314	42.704768	66.132576	223
130	HYP6D3	1323.315054	40.621720	64.683226	224
118	HYP6D4	1295.807095	37.074501	61.817738	225
513	HYP6V1	1329.000000	102.000000	63.000000	226
514	HYP6V2	1296.594595	104.085586	60.723900	227
122	HYP71	180.564211	72.121951	61.790443	228
136	HYP72	166.341216	65.328482	64.200884	229
10	HYP7ABLD	991.727811	62.860437	36.675372	230
548	HYP7ABLV	1020.225364	62.426007	35.071961	231
345	HYP7ABR3	985.781157	63.962032	86.524697	232
247	HYP7ABRD	1024.446369	71.268706	91.041283	233
235	HYP7ABRV	1000.455100	82.558849	85.443984	234
505	HYP7D1	1264.215340	35.438447	61.714175	235
506	HYP7D2	1197.000000	30.000000	64.000000	236
266	HYP7LC1	918.379480	51.248568	40.306006	237
267	HYP7LC2	821.312739	53.697781	39.744070	238
268	HYP7LC3	718.845175	46.534369	41.760079	239
26	HYP7LC4	584.854083	47.175874	43.456917	240
269	HYP7LC5	487.965294	48.790745	45.660088	241
270	HYP7LC6	317.000000	48.000000	46.000000	242
236	HYP7RC1	907.137266	62.752775	85.121057	243
260	HYP7RC2	810.654993	62.725851	85.128197	244
230	HYP7RC3	694.810167	55.344400	84.779508	245
217	HYP7RC4	576.089134	53.132532	80.614088	246
203	HYP7RC5	474.500085	54.507901	78.573662	247
261	HYP7RC6	318.948582	51.966843	79.046612	248
516	HYP7V1	1247.000000	90.000000	89.000000	249
515	HYP7V2	1236.014760	110.044280	61.003690	250
342	HYP8	141.983026	73.040590	69.016974	251
142	HYP9	109.505109	76.067737	65.331971	252
88	I1L	1318.786679	77.039604	54.732673	253
171	I1R	1318.244044	79.616728	71.269719	254
364	I2L	1285.568345	76.287770	47.136691	255
365	I2R	1283.590377	81.163849	76.491547	256
135	I3	1262.147883	56.030511	63.766355	257
138	I4	1078.451226	45.017399	64.702510	258
124	I5	1063.206522	85.612808	60.878966	259
66	I6	1055.186120	43.511769	54.282213	260
469	IL1DL	1245.349593	53.000000	55.932249	261
486	IL1DR	1251.000000	50.000000	68.000000	262
558	IL1L	1260.000000	81.000000	38.000000	263
493	IL1R	1277.000000	74.000000	87.000000	264
534	IL1VL	1232.000000	99.000000	60.000000	265
535	IL1VR	1246.818522	99.000000	62.512629	266
484	IL2DL	1278.000000	52.000000	46.000000	267
485	IL2DR	1271.095390	48.670111	78.720191	268
475	IL2L	1278.000000	71.000000	35.000000	269
243	IL2R	1293.367700	73.824796	90.434584	270
557	IL2VL	1259.000000	103.000000	53.000000	271
536	IL2VR	1255.000000	99.000000	69.000000	272
539	ILSHDL	1307.333768	58.582790	41.417210	273
538	ILSHDR	1305.000000	60.000000	83.000000	274
499	ILSHL	1317.247077	82.173811	44.173811	275
239	ILSHR	1321.213101	80.768184	83.959166	276
511	ILSHVL	1341.886241	98.992314	58.794773	277
512	ILSHVR	1349.000000	99.000000	68.000000	278
86	ILSODL	1386.535921	44.677126	57.102670	279
175	ILSODR	1395.488215	44.400393	71.712121	280
498	ILSOL	1344.945573	79.000000	42.455727	281
245	ILSOR	1348.267621	74.124403	87.296827	282
509	ILSOVL	1358.761158	98.000000	59.721351	283
510	ILSOVR	1365.000000	98.000000	67.000000	284
339	IML	367.000000	76.000000	48.000000	285
340	IMR	372.986872	75.655061	75.803463	286
133	IND2	894.762427	46.385674	63.997961	287
95	IND3	841.207983	48.682061	58.574859	288
544	IND4	780.000000	45.000000	65.000000	289
126	IND5	714.715112	45.403469	64.086582	290
109	IND6	579.416642	49.179349	61.602382	291
256	IND7	485.073241	52.910183	59.447564	292
258	IND8	406.936670	52.222416	57.864418	293
80	IND9	352.174578	49.064535	56.128482	294
253	INDL1	955.085633	45.648933	52.760028	295
168	INDR1	955.321145	53.775771	73.579736	296
517	INV2	897.000000	85.000000	57.000000	297
111	INV3	828.081834	84.610875	61.072498	298
254	INV4	753.965899	78.511261	55.555923	299
77	INV5	667.165419	54.101277	55.106267	300
162	INV6	623.933515	60.798341	70.366252	301
255	INV7	519.000000	76.000000	60.000000	302
257	INV8	438.126128	72.660888	62.468601	303
549	INV9	364.000000	77.000000	66.000000	304
53	INVL1	945.602851	85.965824	48.992387	305
153	INVR1	941.481934	85.134377	69.710083	306
335	K	297.000000	54.000000	55.000000	307
326	K'	300.000000	55.000000	73.000000	308
321	LUAL	268.803030	55.122010	52.601276	309
313	LUAR	266.721169	56.112164	72.255924	310
265	M	538.585034	64.034511	71.824291	311
210	M1	1055.955981	49.648628	77.723718	312
72	M2L	1074.202566	71.493390	50.034603	313
197	M2R	1074.387716	75.397313	75.960845	314
73	M3L	1239.794769	81.766769	55.209231	315
165	M3R	1241.667780	84.712521	68.479800	316
140	M4	1235.389099	66.990320	64.169823	317
62	M5	1025.876709	46.810633	52.548861	318
81	MC1DL	1298.277828	56.229185	53.336318	319
545	MC1DR	1291.000000	59.000000	76.000000	320
369	MC1V	1300.722609	87.149565	60.261739	321
105	MC2DL	1103.675960	62.681227	56.796778	322
359	MC2DR	1101.000000	65.000000	71.000000	323
123	MC2V	1101.265083	79.044418	61.447506	324
42	MC3DL	1032.280178	56.599108	46.938704	325
211	MC3DR	1031.229736	62.558590	80.593612	326
96	MC3V	1031.935052	87.586232	59.299197	327
367	MCL	1289.000000	74.000000	54.000000	328
366	MCR	1289.000000	79.000000	70.000000	329
360	MI	1274.496335	52.834555	65.080628	330
58	NSML	1267.678185	80.668412	48.747993	331
163	NSMR	1266.319014	82.682042	71.952113	332
480	OLLL	1250.000000	66.000000	44.000000	333
214	OLLR	1256.855495	66.148108	80.337658	334
500	OLLSHL	1310.000000	77.000000	39.000000	335
492	OLLSHR	1313.000000	76.000000	85.000000	336
477	OLLSOL	1292.000000	60.000000	36.000000	337
556	OLLSOR	1272.000000	58.000000	90.000000	338
468	OLQDL	1232.960177	48.986726	57.006637	339
466	OLQDR	1237.066964	51.017857	74.066964	340
540	OLQSHDL	1303.000000	64.000000	36.000000	341
532	OLQSHDR	1293.378872	62.084194	91.210485	342
501	OLQSHVL	1298.000000	82.000000	40.000000	343
491	OLQSHVR	1305.509554	80.280255	82.859873	344
504	OLQSODL	1365.000000	44.000000	59.000000	345
192	OLQSODR	1375.049135	45.473479	74.441374	346
34	OLQSOVL	1330.217976	87.876490	45.692143	347
489	OLQSOVR	1334.000000	81.000000	84.000000	348
479	OLQVL	1236.000000	87.000000	46.000000	349
470	OLQVR	1240.964471	92.013323	77.950407	350
12	P1/2L	896.870145	82.752077	38.246570	351
222	P1/2R	894.151872	89.544813	82.465882	352
273	P11/12L	351.000000	70.000000	45.000000	353
264	P11/12R	338.074627	74.980741	78.048146	354
271	P3/4L	807.432823	78.048367	38.476230	355
219	P3/4R	811.238177	83.374377	81.179020	356
16	P5/6L	693.809150	71.465173	38.753128	357
226	P5/6R	707.518005	79.044824	83.344524	358
19	P7/8L	580.867720	74.741625	41.937124	359
216	P7/8R	589.304398	78.129139	79.481634	360
40	P9/10L	459.446627	74.930533	45.743590	361
200	P9/10R	466.059686	77.724528	77.444817	362
322	PHAL	280.000000	70.000000	52.000000	363
315	PHAR	278.000000	72.000000	73.000000	364
49	PHBL	283.548966	56.264962	46.917573	365
314	PHBR	279.005878	58.008817	75.016165	366
318	PHSHL	237.862330	63.986384	54.927383	367
152	PHSHR	230.570047	62.886433	69.232937	368
317	PLML	201.000000	72.000000	55.000000	369
311	PLMR	210.000000	74.000000	69.000000	370
529	PM1DL	1301.000000	54.000000	63.000000	371
368	PM1DR	1293.111011	51.705776	65.196751	372
373	PM1L	1303.000000	78.000000	52.000000	373
372	PM1R	1300.988777	77.995511	72.977553	374
371	PM1VL	1304.140200	85.981402	52.000000	375
370	PM1VR	1303.049238	87.221571	69.926143	376
381	PM2D1	1401.000000	56.000000	67.000000	377
380	PM2D2	1383.000000	57.000000	67.000000	378
382	PM2VL1	1408.000000	76.000000	50.000000	379
383	PM2VL2	1392.019868	75.988962	52.017660	380
384	PM2VR1	1410.315259	80.000000	75.000000	381
385	PM2VR2	1399.000000	80.000000	75.000000	382
378	PM3DL	1363.000000	60.232909	61.623211	383
377	PM3DR	1338.000000	60.000000	71.000000	384
375	PM3L	1334.406018	71.069560	56.735499	385
376	PM3R	1338.038748	72.926230	76.935917	386
531	PM3VL	1370.000000	83.000000	58.000000	387
530	PM3VR	1368.000000	85.000000	70.000000	388
362	PM4DL	1276.954933	52.000000	56.405603	389
361	PM4DR	1277.183552	54.153754	71.790226	390
56	PM4L	1276.015988	66.438953	48.900872	391
363	PM4R	1276.991556	71.911942	77.655006	392
69	PM4VL	1280.812630	87.340483	52.680071	393
149	PM4VR	1277.701926	87.596723	64.951998	394
87	PM5DL	1088.874045	49.891963	56.955995	395
176	PM5DR	1089.798111	52.113341	70.306671	396
358	PM5L	1085.000000	62.000000	52.000000	397
357	PM5R	1085.000000	67.000000	73.000000	398
356	PM5VL	1079.000000	80.000000	57.000000	399
355	PM5VR	1079.000000	80.000000	66.405603	400
148	PM6D	1059.923274	43.006394	66.577046	401
57	PM6VL	1057.958607	70.655428	50.388980	402
181	PM6VR	1057.288304	76.530691	74.317545	403
131	PM7D	1032.808576	41.357461	65.342882	404
44	PM7VL	1035.904875	72.946995	47.922622	405
185	PM7VR	1033.182623	81.087289	76.281778	406
89	PM8	1010.102313	79.449544	59.699019	407
320	PVCL	260.800000	63.200000	53.000000	408
312	PVCR	256.000000	65.000000	72.000000	409
333	PVPL	338.059783	80.298913	55.119565	410
332	PVPR	327.133852	78.035019	71.308949	411
323	PVQL	296.000000	67.000000	48.000000	412
195	PVQR	293.266458	64.733542	77.575592	413
121	PVR	194.130851	59.543030	62.272773	414
154	PVT	346.339406	81.220757	68.625839	415
547	QL	538.826739	67.853553	41.676917	416
218	QR	547.279666	71.133093	81.231821	417
334	REPD	305.919869	47.196239	60.526574	418
43	REPVL	318.807057	64.839894	47.457883	419
324	REPVR	315.000000	67.000000	76.000000	420
429	RIAL	1175.000000	53.000000	51.000000	421
426	RIAR	1178.000000	56.000000	76.000000	422
415	RIBL	1139.000000	68.000000	47.000000	423
194	RIBR	1135.641685	67.889997	76.302670	424
403	RICL	1108.143300	73.799380	36.799380	425
400	RICR	1107.000000	85.097087	85.067961	426
132	RID	1217.102806	40.456449	64.150544	427
457	RIFL	1095.000000	100.000000	54.000000	428
455	RIFR	1084.000000	101.000000	66.000000	429
456	RIGL	1078.000000	100.000000	51.000000	430
99	RIGR	1035.028650	103.565840	57.443251	431
439	RIH	1181.567190	90.783595	59.717277	432
23	RIML	1121.421217	66.474259	44.994384	433
525	RIMR	1123.000000	78.000000	76.000000	434
39	RIPL	1236.502051	68.325998	47.408430	435
464	RIPR	1242.000000	74.000000	78.000000	436
444	RIR	1165.969444	87.604167	70.394444	437
115	RIS	1087.733405	107.641662	59.028063	438
70	RIVL	1102.845650	42.111740	52.411800	439
434	RIVR	1106.000000	50.000000	75.000000	440
553	RMDDL	1188.000000	93.000000	44.000000	441
441	RMDDR	1185.000000	95.000000	76.000000	442
405	RMDL	1194.000000	76.000000	36.000000	443
407	RMDR	1195.031367	82.040329	87.106049	444
2	RMDVL	1206.287705	61.026399	35.571498	445
409	RMDVR	1205.000000	66.000000	89.000000	446
467	RMED	1228.813268	49.000000	66.400491	447
478	RMEL	1226.000000	68.000000	41.000000	448
463	RMER	1228.000000	75.000000	81.000000	449
522	RMEV	1211.975700	103.011782	62.019882	450
9	RMGL	1054.564406	76.052576	36.708991	451
238	RMGR	1068.034424	85.899004	86.523186	452
442	SAADL	1183.921022	91.980256	53.177700	453
440	SAADR	1181.814956	90.755387	67.522180	454
414	SAAVL	1193.976163	56.015891	46.920545	455
427	SAAVR	1193.000000	60.000000	78.000000	456
454	SABD	1064.000000	101.000000	69.000000	457
458	SABVL	1098.000000	100.000000	65.000000	458
189	SABVR	1101.532791	97.340118	74.478517	459
526	SIADL	1155.995598	80.991196	44.999266	460
446	SIADR	1138.000000	92.000000	79.000000	461
37	SIAVL	1143.174649	88.740710	43.752271	462
447	SIAVR	1136.000000	92.000000	67.000000	463
404	SIBDL	1181.000000	73.000000	38.000000	464
411	SIBDR	1182.000000	82.000000	89.000000	465
45	SIBVL	1171.732234	78.243655	46.354484	466
199	SIBVR	1174.670218	82.703783	76.378796	467
541	SMBDL	1162.000000	92.000000	46.000000	468
448	SMBDR	1154.000000	94.000000	76.000000	469
443	SMBVL	1167.050708	87.926174	56.035048	470
459	SMBVR	1167.000000	98.000000	68.000000	471
36	SMDDL	1174.214818	92.033551	43.520969	472
527	SMDDR	1166.000000	89.000000	79.000000	473
424	SMDVL	1185.000000	44.000000	45.000000	474
422	SMDVR	1185.110690	50.909780	84.137983	475
341	SPH	336.000000	70.000000	51.000000	476
316	TL	217.000000	64.000000	58.000000	477
310	TR	210.000000	59.000000	69.000000	478
330	U	308.996644	70.996644	62.004474	479
482	URADL	1259.000000	51.000000	46.000000	480
224	URADR	1255.782917	53.954167	81.047917	481
537	URAVL	1245.000000	99.000000	53.000000	482
471	URAVR	1252.860156	86.060937	78.740625	483
474	URBL	1256.219087	68.940249	35.528631	484
461	URBR	1265.977925	69.001472	89.002208	485
430	URXL	1186.000000	43.000000	58.000000	486
428	URXR	1181.000000	44.000000	70.000000	487
483	URYDL	1242.000000	53.000000	47.000000	488
465	URYDR	1243.384910	57.384910	78.271100	489
481	URYVL	1251.000000	88.000000	45.000000	490
472	URYVR	1261.000000	82.000000	86.000000	491
8	V1L	951.648245	66.661759	36.787011	492
233	V1R	954.862088	75.162665	85.092127	493
11	V2L	851.719177	75.037206	37.398377	494
228	V2R	855.676246	81.398631	83.222092	495
14	V3L	740.695194	69.379489	38.538324	496
221	V3R	750.825742	74.654184	82.684717	497
272	V4L	622.131882	62.104560	40.445974	498
262	V4R	626.445829	70.004917	84.382069	499
551	V5L	486.254709	68.004423	44.940704	500
205	V5R	496.597060	71.784085	78.681365	501
33	V6L	412.141358	64.211952	43.351109	502
263	V6R	404.149113	67.369180	78.423873	503
524	VIRL	329.000000	52.000000	59.000000	504
325	VIRR	328.019146	58.001473	71.022091	505
552	VL1	1383.000000	81.000000	44.000000	506
31	VL10	987.720443	90.876354	43.575601	507
291	VL11	898.000000	97.000000	48.000000	508
38	VL12	857.976460	91.510039	45.236557	509
292	VL13	814.511785	96.795405	51.298079	510
35	VL14	768.257089	87.513485	45.126037	511
294	VL15	678.000000	88.000000	52.000000	512
51	VL16	596.225603	82.669637	48.496196	513
295	VL17	497.020083	84.396846	51.140083	514
296	VL18	416.000000	82.000000	51.000000	515
337	VL19	242.000000	76.000000	55.000000	516
286	VL2	1355.848635	91.502895	47.666391	517
64	VL3	1325.077312	99.052291	50.896261	518
25	VL4	1289.449249	94.730757	41.567311	519
287	VL5	1233.000000	102.000000	47.000000	520
288	VL6	1214.895282	95.104718	41.955121	521
289	VL7	1119.462929	96.709865	47.040441	522
290	VL8	1076.962175	92.735225	42.697400	523
47	VL9	1012.889951	95.991217	45.960217	524
144	VPI1	997.808245	52.039833	65.253821	525
60	VPI2DL	999.062666	57.390168	50.085474	526
184	VPI2DR	1001.826392	71.012591	75.003632	527
90	VPI2V	1007.910745	91.169844	58.690208	528
119	VPI3D	989.214880	60.983102	65.726356	529
353	VPI3V	1000.000000	90.000000	59.000000	530
386	VR1	1378.168704	83.168704	85.506112	531
178	VR10	999.034539	97.199137	73.348624	532
155	VR11	937.431489	100.184681	68.631915	533
166	VR12	872.129933	95.663378	71.702599	534
146	VR13	829.080653	96.777572	69.811079	535
177	VR14	765.714935	91.900246	73.434980	536
298	VR15	708.524068	88.667222	73.191290	537
188	VR16	628.350846	84.642454	74.982017	538
164	VR17	564.283012	84.607682	71.586853	539
299	VR18	512.000000	87.000000	72.000000	540
300	VR19	412.615255	82.606195	71.444374	541
277	VR2	1351.308986	93.113010	79.035006	542
338	VR20	235.000000	76.000000	67.000000	543
202	VR3	1320.685635	98.229010	75.477266	544
278	VR4	1284.000000	95.000000	81.000000	545
279	VR5	1226.082835	100.834330	75.745517	546
280	VR6	1200.002935	96.006603	80.006603	547
167	VR7	1125.226863	100.857668	71.327431	548
453	VR8	1068.217216	103.109413	77.435237	549
297	VR9	1037.000000	104.000000	73.000000	550
100	W	1135.856587	101.952695	56.575449	551
4	XXXL	1277.173092	82.803451	34.775411	552
248	XXXR	1283.277108	82.664802	87.013769	553
129	YPDA	294.458982	83.414403	61.599842	554
250	Z1	683.151674	80.368145	74.210860	555
251	Z2	658.717389	79.571561	68.504607	556
252	Z3	629.066258	78.739493	57.308566	557
30	Z4	612.336215	72.405540	48.340218	558
