label_number	label_name	x	y	z	Aligned_No
1	ADAL	1056.444519	69.092955	18.276840	1
285	ADAR	1060.147037	75.584857	67.646306	2
387	ADEL	1062.000000	60.000000	26.000000	3
366	ADER	1068.000000	66.000000	65.000000	4
21	ADESHL	992.326747	64.968243	25.266761	5
365	ADESHR	1013.000000	62.000000	68.000000	6
95	ADFL	1138.771019	44.792329	36.478109	7
265	ADFR	1146.116555	52.818463	62.833419	8
139	ADLL	1120.920991	26.684224	45.688657	9
221	ADLR	1130.195319	34.378657	58.590137	10
393	AFDL	1148.000000	47.000000	28.000000	11
371	AFDR	1156.000000	58.000000	70.000000	12
360	AIAL	1124.000000	73.000000	42.000000	13
358	AIAR	1126.202643	78.506608	49.709251	14
107	AIBL	1136.297288	60.847966	38.044968	15
362	AIBR	1145.119138	67.880862	59.541191	16
506	AIML	1079.983127	74.000000	39.966254	17
507	AIMR	1085.000000	74.000000	51.000000	18
389	AINL	1073.958002	49.938706	25.958002	19
368	AINR	1080.000000	57.000000	67.000000	20
505	AIYL	1077.906275	71.906275	30.581414	21
220	AIYR	1092.188525	82.310763	58.287954	22
395	AIZL	1080.000000	58.000000	32.000000	23
386	AIZR	1085.000000	66.000000	61.000000	24
179	ALA	1174.169559	30.006146	49.637383	25
45	ALML	755.177148	40.951854	30.331260	26
256	ALMR	783.912330	44.006680	62.757584	27
477	ALNL	224.928164	50.010262	38.917902	28
487	ALNR	228.772201	52.227799	54.531532	29
40	AMSHL	1064.067995	35.357830	28.323146	30
278	AMSHR	1066.796467	47.673098	68.530978	31
409	AMSOL	1341.000000	49.000000	25.000000	32
257	AMSOR	1336.721748	54.173261	63.342126	33
410	ARCADL	1374.000000	62.000000	25.000000	34
273	ARCADR	1353.016858	60.894835	67.321648	35
332	ARCAV	1419.030371	87.000000	48.023622	36
325	ARCPD	1392.012332	38.012332	54.007848	37
408	ARCPDL	1329.000000	45.000000	30.000000	38
238	ARCPDR	1318.724928	50.811843	60.376950	39
333	ARCPV	1394.124853	87.804476	50.124853	40
411	ARCPVL	1349.000000	69.000000	24.000000	41
266	ARCPVR	1367.201619	67.490467	65.345521	42
14	ASEL	1108.224219	46.204775	23.706128	43
369	ASER	1116.138933	58.000000	70.618067	44
70	ASGL	1114.511861	32.742772	32.583766	45
277	ASGR	1119.437673	44.195884	67.292837	46
13	ASHL	1127.457999	50.596308	23.615837	47
288	ASHR	1138.153895	64.137612	70.037676	48
124	ASIL	1104.785625	32.735221	41.532047	49
376	ASIR	1105.000000	40.000000	63.000000	50
7	ASJL	1109.868493	64.698053	22.419421	51
284	ASJR	1116.592525	75.340930	67.657247	52
138	ASKL	1142.307716	30.346914	43.646296	53
231	ASKR	1149.840618	35.746303	59.287874	54
8	AUAL	1129.212222	66.708761	22.084030	55
281	AUAR	1134.656394	80.465462	67.693588	56
18	AVAL	1165.948309	53.117103	24.470964	57
290	AVAR	1175.650934	64.422553	70.246753	58
394	AVBL	1095.000000	47.000000	34.000000	59
379	AVBR	1095.240300	51.180225	63.579474	60
390	AVDL	1090.000000	51.000000	24.000000	61
292	AVDR	1093.920460	61.504552	70.652611	62
98	AVEL	1158.045035	60.163160	36.993355	63
382	AVER	1167.000000	68.000000	62.000000	64
342	AVG	1041.080597	99.006716	41.919403	65
44	AVHL	1098.573251	34.751029	29.160494	66
375	AVHR	1105.000000	45.698225	69.844675	67
391	AVJL	1086.000000	40.000000	27.000000	68
380	AVJR	1091.000000	48.000000	71.000000	69
42	AVKL	1064.199519	80.557101	29.851565	70
241	AVKR	1070.100393	80.162201	59.106109	71
200	AVL	1126.936675	67.656959	55.710464	72
94	AWAL	1123.052955	44.120601	36.846601	73
258	AWAR	1129.581283	55.796048	61.006711	74
53	AWBL	1129.984994	35.559831	29.817622	75
272	AWBR	1135.521993	47.770790	69.081100	76
392	AWCL	1144.993377	59.026490	23.991170	77
370	AWCR	1153.193778	75.337330	69.232664	78
495	B	247.916720	72.250479	44.508615	79
402	BAGL	1204.223778	61.816682	24.076875	80
291	BAGR	1225.592749	66.085181	70.111228	81
24	BDUL	940.568786	56.440462	26.476879	82
274	BDUR	936.131241	61.599402	66.493871	83
19	CANL	661.704321	59.443401	25.330672	84
269	CANR	677.338954	60.315646	65.797917	85
85	CCLA	670.436858	87.829825	35.265144	86
156	CCLP	663.036658	85.865587	47.049446	87
248	CCRA	887.836163	84.111830	61.727297	88
212	CCRP	871.179435	87.536002	56.692972	89
102	CEPDL	1170.983765	32.072671	37.454967	90
373	CEPDR	1176.809058	35.809058	65.334149	91
73	CEPSHDL	1208.658592	38.222937	34.079864	92
423	CEPSHDR	1216.917336	45.889782	66.041332	93
52	CEPSHVL	1197.398519	74.709747	30.573411	94
422	CEPSHVR	1205.000000	78.000000	66.000000	95
43	CEPSODL	1256.824916	39.542462	28.509540	96
264	CEPSODR	1255.446445	47.798830	64.846085	97
37	CEPSOVL	1232.124962	75.542524	29.272644	98
438	CEPSOVR	1241.000000	82.000000	61.000000	99
100	CEPVL	1205.784562	82.794355	39.402362	100
440	CEPVR	1209.000000	83.000000	54.000000	101
158	DA1	981.758355	90.325621	45.883462	102
545	DA2	927.000000	93.000000	47.000000	103
144	DA3	846.841477	93.561360	44.416573	104
159	DA4	754.020828	95.533158	45.666028	105
157	DA5	636.946327	93.340589	45.504081	106
109	DA6	493.678137	89.416041	38.233376	107
547	DA7	388.000000	86.000000	42.000000	108
77	DA8	292.060158	76.498797	35.541423	109
198	DA9	286.933435	74.954407	53.822796	110
111	DB1	1013.657756	98.561115	38.785013	111
128	DB2	1089.912387	100.310045	40.737160	112
166	DB3	947.589467	96.104914	47.165250	113
137	DB4	818.946734	95.330374	44.291693	114
160	DB5	678.956452	93.936537	46.619225	115
99	DB6	516.973310	88.925373	38.269535	116
122	DB7	408.109078	86.859657	41.415933	117
341	DD1	1032.809670	94.904835	34.833461	118
546	DD2	879.000000	93.000000	47.000000	119
132	DD3	732.650250	91.604174	45.516194	120
136	DD4	565.143455	92.064660	43.296335	121
123	DD5	433.272149	86.312421	41.806910	122
503	DD6	301.000000	71.000000	45.000000	123
497	DEP	235.667190	47.072737	45.756672	124
57	DL1	1384.970330	43.267238	31.954242	125
87	DL10	971.739631	30.555023	35.421242	126
512	DL11	892.492812	24.827476	38.022098	127
63	DL12	842.789242	30.813203	32.501222	128
513	DL13	787.046096	31.218957	37.722846	129
514	DL14	723.788633	33.133866	36.893847	130
112	DL15	676.111480	29.720153	39.291837	131
93	DL16	596.051268	36.107822	36.759514	132
72	DL17	528.566713	35.094840	34.221060	133
103	DL18	447.384090	38.183341	37.999559	134
515	DL19	399.752609	40.682609	40.265652	135
508	DL2	1358.000000	36.000000	34.000000	136
89	DL20	358.645592	44.322249	35.914680	137
500	DL21	207.962140	47.770025	46.636108	138
509	DL3	1319.392788	32.250481	35.385577	139
510	DL4	1274.953476	32.098930	30.236364	140
511	DL5	1205.277529	25.681116	40.667165	141
71	DL6	1192.619536	33.618933	32.448900	142
145	DL7	1082.799784	25.138154	46.693740	143
80	DL8	1050.570803	24.241761	34.312307	144
121	DL9	988.002380	25.864664	40.988102	145
260	DR1	1374.308821	48.678605	62.827967	146
529	DR10	991.207695	32.947400	63.581304	147
195	DR11	933.796595	27.709453	56.055108	148
236	DR12	864.717868	34.510953	59.603325	149
530	DR13	825.000000	30.000000	56.000000	150
216	DR14	764.565650	35.414867	57.642524	151
194	DR15	728.578960	30.040897	54.342203	152
230	DR16	645.766259	34.942313	58.322177	153
215	DR17	577.588399	37.347011	57.140578	154
184	DR18	513.602630	37.206808	51.141826	155
531	DR19	443.807637	39.960367	54.157564	156
251	DR2	1339.393429	40.796406	61.046897	157
532	DR20	369.473660	44.259489	53.404417	158
493	DR21	272.931060	44.254125	53.003300	159
222	DR3	1307.079720	35.548531	57.523357	160
263	DR4	1278.008965	40.109077	64.485245	161
554	DR5	1222.000000	31.000000	64.000000	162
527	DR6	1197.675025	42.129000	68.183108	163
214	DR7	1100.841639	27.650332	56.221207	164
548	DR8	1063.615711	30.307148	61.482307	165
528	DR9	1016.991247	24.964676	57.896843	166
163	DVA	252.508819	48.814642	45.711148	167
499	DVC	238.000000	61.000000	45.000000	168
315	E1D	1354.672365	41.702279	48.897436	169
320	E1VL	1377.070175	67.116959	33.187135	170
324	E1VR	1386.000000	73.000000	57.000000	171
148	E2D	1436.723045	46.063393	44.147051	172
76	E2VL	1443.602427	71.012135	34.144385	173
176	E2VR	1451.646108	76.511177	50.961217	174
147	E3D	1317.455626	42.293780	45.013867	175
321	E3VL	1340.408779	67.083676	30.703704	176
187	E3VR	1347.308524	72.846362	51.754678	177
504	EXC	1096.231111	75.019259	45.891852	178
364	EXC/DUCT	1108.000000	68.000000	39.000000	179
29	EXC/GL/L	1017.025896	88.243526	25.743881	180
244	EXC/GL/R	1013.124588	92.417673	59.884193	181
496	F	266.000000	59.000000	44.000000	182
388	FLPL	1074.909416	65.814064	22.759237	183
367	FLPR	1080.965909	74.068182	67.051136	184
345	G1	1158.478794	97.386652	42.430355	185
96	G1AL	1049.037303	45.063416	36.391420	186
239	G1AR	1045.456929	58.850763	59.261596	187
199	G1P	1000.273150	52.271459	55.185412	188
346	G2	1131.989922	90.004479	42.993281	189
90	G2L	996.685139	73.559474	36.286874	190
177	G2R	998.523999	80.851179	49.208179	191
118	GLRDL	1180.666775	40.394668	41.380364	192
374	GLRDR	1181.000000	40.000000	58.000000	193
347	GLRL	1169.889148	64.844807	38.889148	194
381	GLRR	1170.302013	69.100671	54.295302	195
348	GLRVL	1175.000000	72.000000	44.000000	196
204	GLRVR	1176.610369	78.966614	54.666536	197
556	H0L	1321.000000	58.000000	18.000000	198
279	H0R	1321.224888	61.818917	68.557757	199
396	H1L	1214.972371	52.050652	20.739064	200
420	H1R	1205.438153	66.866265	72.536145	201
451	H2L	1044.920321	54.842646	18.547482	202
293	H2R	1047.362454	63.500613	69.841472	203
183	HMC	1069.766634	25.310176	51.178571	204
38	HSNL	624.739336	76.888317	27.571605	205
259	HSNR	626.689341	76.161063	63.584050	206
473	HYP101	89.000000	63.000000	44.000000	207
165	HYP102	60.917132	65.171097	45.485593	208
471	HYP11	136.000000	57.000000	40.000000	209
407	HYP1L	1310.000000	45.000000	27.000000	210
429	HYP1R	1304.000000	50.000000	61.000000	211
337	HYP1V	1386.989842	84.949210	40.979684	212
9	HYP2L	1357.974547	56.778011	21.159276	213
336	HYP2V	1410.000000	87.000000	41.000000	214
129	HYP31	1431.468768	36.871633	44.095702	215
130	HYP32	1412.540552	36.365746	44.846630	216
153	HYP4D	1479.789495	40.978909	46.127560	217
149	HYP4V1	1477.836921	77.522227	43.919513	218
133	HYP4V2	1444.822481	84.731226	42.029943	219
32	HYP5L	1413.897456	59.342011	25.195151	220
252	HYP5R	1419.018041	62.678430	60.748017	221
329	HYP6D1	1389.767343	29.502312	48.338670	222
330	HYP6D2	1311.896552	29.949479	45.472334	223
161	HYP6D3	1295.371447	27.970930	46.171835	224
162	HYP6D4	1280.174861	27.579699	47.249802	225
551	HYP6V1	1390.515675	97.451613	45.156747	226
550	HYP6V2	1294.559084	94.685416	40.421638	227
469	HYP71	172.655485	69.873717	44.751776	228
141	HYP72	153.840253	65.474278	45.196751	229
453	HYP7ABLD	984.585340	46.510209	23.330890	230
452	HYP7ABLV	970.923314	62.181696	23.597303	231
463	HYP7ABR3	927.000000	46.000000	70.000000	232
462	HYP7ABRD	994.003370	53.002022	71.004382	233
461	HYP7ABRV	972.000000	59.000000	72.000000	234
178	HYP7D1	1251.128815	24.366206	50.127851	235
331	HYP7D2	1157.134680	21.449308	53.059484	236
455	HYP7LC1	906.258954	40.021189	25.267579	237
457	HYP7LC2	808.360720	49.606221	24.501956	238
458	HYP7LC3	689.647948	49.767910	25.697015	239
17	HYP7LC4	543.446014	53.025227	24.022368	240
48	HYP7LC5	411.485259	50.907611	29.106445	241
479	HYP7LC6	261.610604	45.587493	32.437172	242
282	HYP7RC1	845.682759	51.615064	67.335935	243
271	HYP7RC2	754.309443	51.650489	66.948834	244
283	HYP7RC3	648.762016	54.332356	67.423603	245
261	HYP7RC4	541.991468	49.111706	63.220833	246
467	HYP7RC5	427.938887	56.383571	61.470851	247
492	HYP7RC6	290.000000	52.000000	58.000000	248
444	HYP7V1	1267.888920	70.563293	67.592895	249
521	HYP7V2	1222.000000	94.000000	45.000000	250
470	HYP8	133.923913	65.292271	46.221014	251
472	HYP9	102.000000	66.000000	45.000000	252
322	I1L	1311.000000	68.000000	30.000000	253
186	I1R	1312.521739	71.590062	50.417036	254
36	I2L	1261.238195	70.005247	27.590766	255
308	I2R	1277.000000	80.000000	55.000000	256
170	I3	1254.189366	39.080224	48.803172	257
171	I4	1052.838733	34.470122	49.661987	258
134	I5	1046.191358	83.061192	43.633387	259
86	I6	1036.556291	35.943985	35.777042	260
417	IL1DL	1231.938316	31.938316	44.722420	261
552	IL1DR	1234.000000	34.000000	54.000000	262
10	IL1L	1233.064427	60.447870	23.940769	263
267	IL1R	1248.262357	69.746975	65.630487	264
442	IL1VL	1231.000000	85.000000	43.000000	265
441	IL1VR	1222.058965	80.025271	48.342960	266
81	IL2DL	1251.906452	30.733692	35.422581	267
250	IL2DR	1258.690159	35.654920	61.053287	268
6	IL2L	1260.924610	48.465916	20.209128	269
287	IL2R	1256.503538	57.500786	69.797170	270
101	IL2VL	1249.340675	91.511992	37.297846	271
205	IL2VR	1235.678936	88.864831	52.396845	272
406	ILSHDL	1297.000000	41.000000	30.000000	273
428	ILSHDR	1293.873998	47.974800	59.987400	274
413	ILSHL	1302.000000	73.000000	23.000000	275
255	ILSHR	1311.968104	75.867157	62.105503	276
339	ILSHVL	1340.954597	85.000000	41.072645	277
335	ILSHVR	1346.154211	86.030842	49.246738	278
327	ILSODL	1384.000000	35.481633	41.329252	279
326	ILSODR	1355.957576	34.042424	53.381818	280
412	ILSOL	1335.000000	66.000000	23.000000	281
430	ILSOR	1342.006795	71.040770	64.061155	282
338	ILSOVL	1364.000000	86.000000	43.000000	283
334	ILSOVR	1369.286426	87.057285	50.400996	284
54	IML	335.863286	74.669772	34.105537	285
211	IMR	345.705154	75.952650	57.553997	286
167	IND2	882.438733	34.981540	49.190006	287
447	IND3	831.062179	37.724786	45.345513	288
146	IND4	762.816943	41.381297	46.142512	289
191	IND5	688.916374	42.979058	53.668869	290
126	IND6	560.653414	49.756111	43.169289	291
125	IND7	479.348302	46.583771	44.361944	292
449	IND8	390.940454	51.806947	46.238894	293
516	IND9	328.046725	49.213974	38.867249	294
88	INDL1	927.472344	34.374012	38.248990	295
445	INDR1	938.913702	40.416022	60.822456	296
446	INV2	871.602765	74.491779	39.446562	297
143	INV3	807.120634	79.646655	46.178426	298
448	INV4	725.370605	76.947721	46.461395	299
105	INV5	644.670666	56.558303	37.190636	300
193	INV6	602.927171	65.056532	54.888210	301
91	INV7	514.102394	75.660849	39.826873	302
155	INV8	426.210402	74.757825	47.026594	303
450	INV9	347.758839	72.711873	46.017942	304
82	INVL1	927.185209	75.641108	36.514647	305
219	INVR1	930.134189	78.120057	58.322443	306
482	K	268.879970	48.036009	37.927982	307
494	K'	274.073770	54.961252	51.064083	308
49	LUAL	239.872660	51.771659	31.045059	309
207	LUAR	245.951822	55.787715	56.787112	310
217	M	504.099602	57.447515	55.506759	311
224	M1	1039.979476	42.527955	57.134466	312
296	M2L	1058.848708	63.083641	34.311193	313
228	M2R	1055.214573	70.930354	56.426731	314
119	M3L	1225.294891	60.184154	39.315999	315
209	M3R	1232.272371	67.885626	54.660235	316
174	M4	1228.568532	46.238700	49.527486	317
47	M5	1009.000000	46.926293	30.209043	318
311	MC1DL	1285.980256	51.157956	33.881533	319
192	MC1DR	1286.450504	52.373052	53.405591	320
309	MC1V	1283.879972	85.157339	39.614220	321
154	MC2DL	1082.727900	42.153138	45.144266	322
225	MC2DR	1083.758493	48.086780	55.179099	323
164	MC2V	1083.809345	60.845827	46.941279	324
46	MC3DL	1023.171687	44.714782	29.197637	325
295	MC3DR	1015.110422	55.668734	61.668734	326
108	MC3V	1011.006771	83.260051	38.555650	327
306	MCL	1276.000000	68.000000	35.000000	328
307	MCR	1281.250951	72.583016	49.698352	329
304	MI	1269.674074	37.348148	47.185185	330
60	NSML	1247.496073	69.127618	32.181937	331
197	NSMR	1257.450052	75.941988	54.629813	332
399	OLLL	1229.787879	44.872727	32.296970	333
425	OLLR	1238.897391	53.468696	62.366087	334
2	OLLSHL	1274.607824	62.608779	19.032443	335
433	OLLSHR	1294.000000	66.000000	65.000000	336
404	OLLSOL	1284.226467	43.778990	24.221010	337
268	OLLSOR	1271.096762	51.502259	65.682982	338
418	OLQDL	1218.080000	31.068571	45.057143	339
553	OLQDR	1222.000000	32.140200	56.018598	340
405	OLQSHDL	1291.954494	46.045506	21.927190	341
427	OLQSHDR	1288.889148	53.110852	67.155193	342
414	OLQSHVL	1290.000000	60.000000	21.000000	343
432	OLQSHVR	1298.013498	76.033746	61.989876	344
328	OLQSODL	1356.973995	32.919622	44.262411	345
190	OLQSODR	1330.852091	33.353621	52.268276	346
11	OLQSOVL	1321.375137	75.914208	23.384699	347
247	OLQSOVR	1325.287846	73.094730	62.803533	348
403	OLQVL	1210.993397	70.994131	31.995598	349
436	OLQVR	1217.959671	73.893951	62.031367	350
12	P1/2L	866.949656	77.621351	23.162184	351
275	P1/2R	859.111087	78.077979	66.790677	352
478	P11/12L	319.537585	65.878132	28.072323	353
489	P11/12R	317.719840	71.222985	61.045169	354
23	P3/4L	772.804846	81.321976	24.851978	355
276	P3/4R	770.800549	78.475939	66.928451	356
22	P5/6L	659.008275	78.241197	25.200704	357
465	P5/6R	674.400715	80.320767	67.182320	358
27	P7/8L	546.894459	77.235618	24.847081	359
254	P7/8R	548.536624	81.483209	61.587785	360
33	P9/10L	429.388148	74.088579	28.223498	361
232	P9/10R	431.912781	78.067187	58.840986	362
51	PHAL	256.654068	69.075590	33.219066	363
208	PHAR	256.899392	70.175684	54.099088	364
41	PHBL	252.696740	56.947521	29.786958	365
226	PHBR	259.818702	58.672385	58.995291	366
476	PHSHL	214.930636	61.034682	39.843931	367
486	PHSHR	219.000000	59.000000	49.000000	368
475	PLML	200.979684	66.989842	39.949210	369
485	PLMR	205.000000	69.000000	50.000000	370
312	PM1DL	1287.244784	43.122392	39.143255	371
313	PM1DR	1285.000000	42.000000	47.000000	372
310	PM1L	1290.039752	60.089441	30.373913	373
196	PM1R	1299.058657	57.960071	53.221555	374
66	PM1VL	1291.459671	77.010700	34.276543	375
168	PM1VR	1295.133834	79.799562	47.356473	376
317	PM2D1	1401.000000	45.000000	47.000000	377
316	PM2D2	1385.846879	44.166078	48.878681	378
59	PM2VL1	1415.751500	71.698471	33.734469	379
65	PM2VL2	1398.724871	69.243568	33.769125	380
175	PM2VR1	1431.816242	73.298715	50.543000	381
181	PM2VR2	1406.635013	74.505814	51.807063	382
318	PM3DL	1364.000000	46.000000	45.000000	383
314	PM3DR	1344.000000	44.000000	51.000000	384
557	PM3L	1325.000000	59.000000	31.000000	385
431	PM3R	1341.000000	65.000000	55.000000	386
319	PM3VL	1361.496656	70.521405	38.910033	387
323	PM3VR	1371.000000	73.000000	50.000000	388
303	PM4DL	1265.616438	39.092466	40.336473	389
305	PM4DR	1272.000000	42.000000	53.000000	390
58	PM4L	1264.725527	56.736229	32.005036	391
218	PM4R	1271.610698	63.494155	56.554021	392
302	PM4VL	1264.000000	80.000000	36.000000	393
172	PM4VR	1267.716644	85.128223	47.291949	394
301	PM5DL	1063.000000	38.000000	45.000000	395
300	PM5DR	1063.000000	41.088757	54.266272	396
104	PM5L	1066.463593	50.446741	38.267091	397
299	PM5R	1065.960511	58.861789	57.861789	398
297	PM5VL	1062.000000	70.672302	40.426528	399
298	PM5VR	1062.000000	75.000000	48.000000	400
180	PM6D	1036.700722	36.790975	47.421300	401
75	PM6VL	1040.304225	66.927701	32.150836	402
202	PM6VR	1035.727253	75.376950	54.597704	403
558	PM7D	1015.736717	31.955683	45.529426	404
35	PM7VL	1013.460317	68.618404	28.016731	405
201	PM7VR	1011.033156	75.164811	56.357696	406
142	PM8	988.134545	68.956364	46.460202	407
498	PVCL	231.870327	61.000000	35.815421	408
227	PVCR	236.169856	65.398624	56.625598	409
67	PVPL	316.182887	76.453253	38.516402	410
490	PVPR	307.103631	75.074130	53.141452	411
34	PVQL	271.027564	62.634374	28.845561	412
210	PVQR	273.731801	67.318008	59.314176	413
131	PVR	174.935828	57.478807	47.180914	414
169	PVT	327.058036	78.850564	49.211936	415
30	QL	470.870850	52.675821	28.085521	416
240	QR	523.508892	67.944624	60.345392	417
483	REPD	279.129131	44.984627	43.760184	418
50	REPVL	289.535184	60.907654	30.840177	419
488	REPVR	296.035582	63.065234	58.000000	420
117	RIAL	1153.468621	42.691469	38.245396	421
378	RIAR	1161.000000	51.000000	62.000000	422
74	RIBL	1112.422799	55.263141	34.669514	423
383	RIBR	1114.000000	58.000000	61.000000	424
5	RICL	1090.369208	66.146359	20.524638	425
385	RICR	1096.000000	75.000000	68.000000	426
189	RID	1188.962271	24.423077	51.723443	427
110	RIFL	1072.607033	93.975077	35.702629	428
188	RIFR	1055.052404	95.086621	51.539149	429
344	RIGL	1055.000000	96.000000	37.000000	430
340	RIGR	996.724829	99.554252	45.361193	431
361	RIH	1160.000000	80.000000	44.000000	432
64	RIML	1097.120805	61.916480	33.616331	433
384	RIMR	1102.000000	67.000000	61.000000	434
398	RIPL	1216.000000	50.000000	31.000000	435
424	RIPR	1223.000000	54.000000	63.000000	436
363	RIR	1143.000000	70.000000	50.000000	437
233	RIS	1078.014140	91.946976	56.779262	438
113	RIVL	1089.636601	34.594857	39.680209	439
237	RIVR	1085.614782	36.138624	59.061308	440
349	RMDDL	1165.778492	79.873174	31.203390	441
229	RMDDR	1164.598691	93.240785	58.197382	442
16	RMDL	1173.592553	67.541489	23.786968	443
270	RMDR	1183.985537	79.333678	66.481061	444
15	RMDVL	1181.625182	51.040710	24.685664	445
294	RMDVR	1190.912531	60.551799	71.317618	446
419	RMED	1208.586764	27.312349	53.955609	447
397	RMEL	1200.000000	50.000000	28.000000	448
421	RMER	1212.000000	59.000000	67.000000	449
135	RMEV	1196.788857	88.666000	44.697714	450
3	RMGL	1037.813157	69.458939	18.873126	451
280	RMGR	1026.349351	73.959956	66.789285	452
353	SAADL	1158.600897	81.399103	35.541106	453
354	SAADR	1161.249465	83.748396	52.746258	454
97	SAAVL	1170.223068	49.791016	36.570232	455
377	SAAVR	1178.000000	53.000000	62.000000	456
343	SABD	1033.000000	98.000000	50.000000	457
173	SABVL	1067.382311	91.861522	47.386892	458
151	SABVR	1082.760081	89.871773	44.859878	459
351	SIADL	1127.316770	70.788820	33.155280	460
203	SIADR	1112.472610	78.889418	54.322559	461
68	SIAVL	1112.954663	79.472798	31.898964	462
356	SIAVR	1121.700993	86.750620	61.299007	463
20	SIBDL	1157.439560	68.555688	24.978616	464
286	SIBDR	1169.471434	80.995945	67.747881	465
352	SIBVL	1147.000000	71.000000	33.000000	466
253	SIBVR	1153.797062	80.179543	59.743743	467
61	SMBDL	1130.007146	84.691941	30.753077	468
357	SMBDR	1128.000000	92.000000	55.000000	469
127	SMBVL	1139.589663	78.539154	40.225137	470
359	SMBVR	1141.000000	85.000000	50.000000	471
350	SMDDL	1145.994070	83.071164	29.982209	472
355	SMDDR	1141.000000	88.227848	59.683544	473
56	SMDVL	1163.262295	40.174863	30.622951	474
372	SMDVR	1168.155193	49.977830	69.155193	475
480	SPH	306.000000	64.000000	35.000000	476
474	TL	194.195784	54.789623	37.321848	477
484	TR	194.000000	59.000000	51.000000	478
115	U	282.617840	67.479117	42.359785	479
401	URADL	1238.051136	36.034091	36.931818	480
245	URADR	1244.979745	41.000000	60.586966	481
443	URAVL	1220.122010	78.601276	38.196970	482
439	URAVR	1222.000000	84.000000	59.000000	483
415	URBL	1235.000000	48.000000	25.000000	484
435	URBR	1240.000000	59.000000	69.000000	485
140	URXL	1158.189459	31.710826	45.058761	486
223	URXR	1164.586473	35.791524	57.544092	487
400	URYDL	1223.080738	35.064591	36.870819	488
426	URYDR	1231.000000	42.000000	63.000000	489
416	URYVL	1222.000000	65.000000	27.000000	490
437	URYVR	1233.960452	73.954802	64.016949	491
454	V1L	918.881644	56.770657	23.765297	492
289	V1R	908.291869	63.599789	69.840338	493
456	V2L	822.485527	72.436125	23.520841	494
541	V2R	823.511941	72.808348	68.204495	495
26	V3L	716.808171	74.469051	25.614413	496
464	V3R	711.562083	72.474500	67.485132	497
25	V4L	591.994799	72.704924	26.760402	498
466	V4R	588.456758	72.902268	66.470588	499
459	V5L	456.117013	66.790737	26.644612	500
246	V5R	463.034672	71.670794	60.857244	501
460	V6L	380.572237	65.309406	26.522922	502
468	V6R	377.703639	68.925297	61.620889	503
481	VIRL	303.000000	47.515228	41.692893	504
491	VIRR	303.000000	56.000000	47.000000	505
517	VL1	1375.000000	82.000000	33.000000	506
522	VL10	945.956837	91.681630	33.559047	507
523	VL11	876.741935	91.870968	37.967742	508
55	VL12	811.957971	89.247739	31.747296	509
524	VL13	775.098302	94.327273	37.797403	510
79	VL14	715.725798	87.352200	35.498878	511
92	VL15	646.516646	87.550142	36.760455	512
84	VL16	577.148264	85.556043	35.021957	513
83	VL17	465.332966	84.977935	35.990512	514
526	VL18	391.508272	80.225856	33.380531	515
502	VL19	224.000000	72.000000	41.000000	516
518	VL2	1350.761301	85.101507	31.411975	517
62	VL3	1317.836456	88.544529	31.502429	518
519	VL4	1254.000000	82.000000	24.000000	519
520	VL5	1216.987100	88.987100	32.968944	520
28	VL6	1187.860550	80.837309	26.072375	521
69	VL7	1093.938462	88.313462	31.686731	522
39	VL8	1045.732229	87.879198	25.803096	523
78	VL9	989.300254	89.008149	33.222383	524
185	VPI1	988.042435	35.127306	51.339483	525
31	VPI2DL	986.622794	43.294618	34.105688	526
555	VPI2DR	986.000000	48.000000	60.000000	527
114	VPI2V	980.159697	73.409767	41.041538	528
152	VPI3D	975.640806	40.168691	48.599945	529
106	VPI3V	973.386337	63.984612	40.570762	530
533	VR1	1376.000000	81.000000	61.000000	531
243	VR10	957.108903	90.534181	61.376590	532
213	VR11	907.322154	92.885038	56.369108	533
234	VR12	842.824190	89.255563	59.097819	534
206	VR13	803.144764	91.932580	56.159822	535
235	VR14	739.922138	88.985803	59.259982	536
549	VR15	689.344589	86.128139	58.794372	537
542	VR16	606.121778	84.404386	58.827049	538
182	VR17	530.864370	85.525512	52.039468	539
543	VR18	477.263795	84.656797	51.521534	540
544	VR19	388.174587	83.512325	53.578145	541
534	VR2	1354.000000	87.000000	58.000000	542
501	VR20	224.000000	73.138528	50.015873	543
535	VR3	1316.458165	89.602067	54.538054	544
262	VR4	1264.172475	88.783414	61.626820	545
536	VR5	1214.363798	97.078932	52.898516	546
249	VR6	1193.397907	91.228178	61.323379	547
537	VR7	1103.636436	93.506346	53.781068	548
538	VR8	1046.839470	91.196465	60.671870	549
242	VR9	987.923760	90.396329	58.906616	550
120	W	1108.650709	91.204600	40.881252	551
4	XXXL	1249.502768	61.736703	19.416606	552
434	XXXR	1281.763090	70.000000	64.772532	553
150	YPDA	275.011646	81.025743	44.056696	554
539	Z1	664.000000	76.000000	60.000000	555
540	Z2	642.758283	77.563838	54.030404	556
525	Z3	616.836450	80.702576	42.920706	557
116	Z4	596.628033	85.358571	40.871287	558
