label_number	label_name	x	y	z	Aligned_No
326	ADAL	1240.000000	53.000000	78.000000	1
358	ADAR	1237.000000	51.000000	27.000000	2
327	ADEL	1249.000000	64.000000	78.000000	3
359	ADER	1250.976378	64.030371	26.000000	4
324	ADESHL	1167.000000	55.000000	72.000000	5
356	ADESHR	1173.000000	55.000000	31.000000	6
349	ADFL	1333.055109	77.958668	68.123995	7
379	ADFR	1335.000000	83.000000	30.000000	8
398	ADLL	1317.000000	93.000000	61.000000	9
402	ADLR	1316.000000	93.000000	47.000000	10
340	AFDL	1342.000000	73.000000	75.000000	11
372	AFDR	1348.992161	72.006719	28.992161	12
431	AIAL	1315.000000	47.000000	58.000000	13
430	AIAR	1309.942857	44.977143	48.897143	14
353	AIBL	1326.000000	63.000000	67.000000	15
385	AIBR	1333.000000	67.000000	37.000000	16
434	AIML	1272.157767	43.942961	57.686893	17
437	AIMR	1271.180225	42.759700	44.420526	18
331	AINL	1261.000000	77.000000	79.000000	19
363	AINR	1257.000000	79.000000	25.000000	20
435	AIYL	1268.000000	46.000000	66.000000	21
438	AIYR	1268.000000	47.000000	37.000000	22
329	AIZL	1268.000000	62.000000	75.000000	23
388	AIZR	1266.000000	65.000000	31.000000	24
390	ALA	1369.000000	98.000000	55.000000	25
41	ALML	876.000000	88.000000	71.000000	26
45	ALMR	860.000000	93.000000	33.000000	27
176	ALNL	253.000000	75.000000	59.000000	28
188	ALNR	254.000000	79.000000	47.000000	29
314	AMSHL	1179.000000	85.000000	76.000000	30
321	AMSHR	1188.000000	83.000000	27.000000	31
512	AMSOL	1533.000000	80.000000	75.000000	32
525	AMSOR	1546.000000	72.000000	30.000000	33
503	ARCADL	1570.000000	69.000000	77.000000	34
518	ARCADR	1570.000000	68.000000	32.000000	35
533	ARCAV	1645.000000	46.000000	53.000000	36
547	ARCPD	1600.980256	89.881533	46.842044	37
513	ARCPDL	1517.000000	80.000000	72.000000	38
526	ARCPDR	1531.000000	76.000000	38.000000	39
535	ARCPV	1616.000000	41.000000	58.000000	40
504	ARCPVL	1553.000000	56.000000	75.000000	41
519	ARCPVR	1552.000000	60.000000	33.000000	42
334	ASEL	1301.000000	72.000000	78.000000	43
366	ASER	1299.000000	76.000000	26.000000	44
345	ASGL	1307.000000	87.000000	72.000000	45
377	ASGR	1304.269555	87.961492	35.768953	46
335	ASHL	1321.000000	69.000000	77.000000	47
367	ASHR	1322.000000	70.000000	29.000000	48
399	ASIL	1298.000000	89.000000	64.000000	49
403	ASIR	1297.000000	89.000000	42.000000	50
333	ASJL	1297.000000	53.000000	78.000000	51
365	ASJR	1294.000000	55.000000	26.000000	52
397	ASKL	1338.000000	91.000000	62.000000	53
401	ASKR	1335.000000	90.000000	44.000000	54
336	AUAL	1316.000000	53.088757	77.266272	55
368	AUAR	1314.000000	55.000000	25.000000	56
341	AVAL	1362.000000	68.000000	75.000000	57
373	AVAR	1367.000000	70.000000	30.000000	58
351	AVBL	1288.000000	76.000000	71.000000	59
383	AVBR	1287.000000	78.000000	35.000000	60
330	AVDL	1279.000000	68.000000	79.000000	61
362	AVDR	1277.000000	68.000000	26.000000	62
352	AVEL	1350.936291	64.063709	67.036405	63
384	AVER	1356.000000	66.000000	36.000000	64
447	AVG	1213.928480	30.821201	52.713921	65
344	AVHL	1289.000000	90.000000	76.000000	66
376	AVHR	1287.022447	90.995511	28.988777	67
332	AVJL	1277.000000	82.000000	78.000000	68
364	AVJR	1272.000000	84.000000	25.000000	69
436	AVKL	1252.000000	42.000000	66.000000	70
440	AVKR	1249.000000	36.000000	40.000000	71
423	AVL	1319.000000	56.000000	38.000000	72
350	AWAL	1317.000000	79.000000	67.000000	73
382	AWAR	1321.000000	81.000000	39.000000	74
346	AWBL	1326.000000	84.000000	76.000000	75
378	AWBR	1317.976163	86.039728	29.928490	76
337	AWCL	1336.000000	60.000000	77.000000	77
369	AWCR	1337.000000	58.000000	26.000000	78
199	B	280.000000	55.000000	49.000000	79
459	BAGL	1413.000000	58.000000	72.000000	80
467	BAGR	1416.000000	59.000000	32.000000	81
40	BDUL	1096.000000	58.000000	72.000000	82
44	BDUR	1093.000000	55.000000	28.000000	83
42	CANL	761.000000	68.000000	73.000000	84
46	CANR	784.000000	70.000000	31.000000	85
118	CCLA	801.000000	43.000000	65.000000	86
117	CCLP	779.000000	45.000000	66.000000	87
137	CCRA	1063.980256	44.157956	35.881533	88
136	CCRP	1040.000000	45.000000	36.000000	89
393	CEPDL	1369.000000	95.000000	66.000000	90
394	CEPDR	1366.000000	95.000000	42.000000	91
458	CEPSHDL	1399.000000	81.000000	70.000000	92
471	CEPSHDR	1406.000000	84.000000	36.000000	93
457	CEPSHVL	1397.000000	51.000000	70.000000	94
472	CEPSHVR	1400.000000	48.000000	36.000000	95
498	CEPSODL	1438.000000	85.000000	66.000000	96
500	CEPSODR	1452.000000	81.000000	36.000000	97
489	CEPSOVL	1443.000000	46.000000	69.000000	98
487	CEPSOVR	1443.000000	34.000000	48.000000	99
481	CEPVL	1401.000000	39.000000	58.215618	100
482	CEPVR	1401.000000	39.000000	48.000000	101
453	DA1	1161.000000	31.000000	51.000000	102
14	DA2	1089.000000	29.000000	51.000000	103
12	DA3	995.000000	30.000000	51.000000	104
10	DA4	878.000000	32.000000	51.000000	105
7	DA5	745.000000	32.000000	52.000000	106
4	DA6	599.000000	34.000000	53.000000	107
1	DA7	453.000000	41.000000	52.000000	108
209	DA8	333.000000	49.000000	55.000000	109
213	DA9	325.000000	59.000000	42.000000	110
450	DB1	1192.000000	30.000000	49.000000	111
442	DB2	1258.000000	31.000000	53.000000	112
15	DB3	1115.000000	28.000000	51.000000	113
11	DB4	970.000000	31.000000	50.000000	114
8	DB5	785.000000	34.000000	53.000000	115
5	DB6	623.000000	35.000000	54.000000	116
2	DB7	475.000000	40.000000	52.000000	117
451	DD1	1199.000000	36.000000	58.000000	118
13	DD2	1047.102857	30.977143	50.942857	119
9	DD3	855.000000	33.000000	53.000000	120
6	DD4	663.000000	34.000000	54.000000	121
3	DD5	507.000000	39.000000	52.000000	122
208	DD6	338.005599	59.011198	51.996641	123
202	DEP	266.000000	81.000000	54.000000	124
95	DL1	1587.000000	81.000000	72.000000	125
154	DL10	1124.000000	99.000000	65.000000	126
153	DL11	1056.000000	97.000000	65.000000	127
152	DL12	984.000000	94.000000	65.000000	128
151	DL13	912.000000	95.000000	63.000000	129
150	DL14	840.000000	95.000000	65.000000	130
149	DL15	789.000000	96.000000	65.000000	131
148	DL16	679.000000	94.000000	64.000000	132
147	DL17	615.000000	95.000000	62.000000	133
146	DL18	526.000000	87.000000	62.000000	134
145	DL19	464.000000	89.000000	62.000000	135
96	DL2	1555.000000	88.000000	69.000000	136
144	DL20	414.000000	87.000000	64.000000	137
203	DL21	237.000000	80.000000	54.000000	138
97	DL3	1522.000000	94.000000	68.000000	139
98	DL4	1467.000000	90.000000	73.000000	140
99	DL5	1417.000000	100.000000	65.000000	141
100	DL6	1393.000000	93.000000	72.000000	142
157	DL7	1285.000000	103.000000	64.000000	143
156	DL8	1204.000000	104.000000	68.000000	144
155	DL9	1176.000000	100.000000	62.000000	145
107	DR1	1583.000000	83.000000	36.000000	146
168	DR10	1139.000000	99.000000	35.000000	147
167	DR11	1078.000000	101.000000	45.000000	148
166	DR12	1008.000000	97.000000	38.000000	149
165	DR13	956.000000	101.000000	42.000000	150
164	DR14	900.000000	97.000000	37.000000	151
163	DR15	837.000000	100.000000	43.000000	152
162	DR16	740.000000	98.000000	43.000000	153
161	DR17	673.000000	94.000000	43.000000	154
160	DR18	588.000000	91.000000	43.000000	155
159	DR19	508.000000	92.000000	43.000000	156
108	DR2	1551.006719	87.995521	38.989922	157
158	DR20	425.000000	94.000000	47.000000	158
196	DR21	300.000000	91.000000	49.000000	159
109	DR3	1516.000000	93.000000	40.000000	160
110	DR4	1474.000000	88.000000	33.000000	161
111	DR5	1429.000000	100.000000	41.000000	162
112	DR6	1385.000000	91.000000	35.000000	163
171	DR7	1292.022548	104.018038	41.959414	164
170	DR8	1231.000000	106.000000	35.000000	165
169	DR9	1183.000000	104.000000	42.000000	166
200	DVA	282.000000	76.000000	53.000000	167
201	DVC	260.000000	65.000000	52.000000	168
297	E1D	1576.041332	82.889782	53.082664	169
290	E1VL	1590.000000	54.000000	66.000000	170
307	E1VR	1588.000000	56.000000	41.000000	171
300	E2D	1653.873998	81.974800	52.012600	172
293	E2VL	1661.000000	58.000000	61.000000	173
310	E2VR	1654.000000	59.000000	42.000000	174
296	E3D	1530.000000	84.000000	54.000000	175
289	E3VL	1562.000000	56.000000	67.000000	176
306	E3VR	1561.000000	55.000000	42.000000	177
433	EXC	1288.000000	44.000000	50.000000	178
432	EXC/DUCT	1298.000000	49.000000	60.000000	179
125	EXC/GL/L	1203.161836	38.080918	66.323671	180
141	EXC/GL/R	1210.002245	42.015713	35.979798	181
198	F	300.000000	72.000000	51.000000	182
328	FLPL	1258.000000	53.000000	77.000000	183
360	FLPR	1258.000000	55.000000	26.000000	184
405	G1	1337.000000	30.000000	54.000000	185
251	G1AL	1259.000000	87.000000	67.000000	186
250	G1AR	1260.000000	84.000000	39.000000	187
233	G1P	1201.000000	80.000000	40.000000	188
406	G2	1315.998881	33.996644	53.994407	189
231	G2L	1207.000000	49.000000	60.000000	190
232	G2R	1210.000000	49.000000	47.000000	191
392	GLRDL	1374.000000	85.000000	60.000000	192
391	GLRDR	1372.020247	86.973003	47.016873	193
410	GLRL	1358.000000	57.000000	63.000000	194
408	GLRR	1362.000000	55.000000	39.000000	195
409	GLRVL	1363.409623	50.508453	60.836151	196
407	GLRVR	1365.139194	48.721612	45.278388	197
316	H0L	1515.000000	66.000000	79.000000	198
323	H0R	1512.000000	63.000000	28.000000	199
315	H1L	1391.000000	60.000000	77.000000	200
322	H1R	1402.994401	63.994401	26.989922	201
313	H2L	1188.000000	62.000000	77.000000	202
320	H2R	1225.000000	65.000000	22.000000	203
172	HMC	1287.000000	100.000000	51.000000	204
43	HSNL	717.000000	49.000000	70.000000	205
47	HSNR	724.000000	54.000000	35.000000	206
221	HYP101	94.000000	69.000000	50.000000	207
222	HYP102	61.000000	67.000000	47.000000	208
223	HYP11	145.000000	69.000000	58.000000	209
514	HYP1L	1496.026997	84.016873	71.979753	210
527	HYP1R	1516.000000	76.000000	33.000000	211
536	HYP1V	1602.000000	42.000000	48.000000	212
511	HYP2L	1553.000000	76.000000	76.000000	213
534	HYP2V	1630.000000	43.000000	50.000000	214
545	HYP31	1640.000000	94.000000	53.000000	215
546	HYP32	1627.000000	94.000000	52.000000	216
301	HYP4D	1708.000000	87.000000	47.000000	217
531	HYP4V1	1698.000000	51.000000	49.000000	218
532	HYP4V2	1671.000000	46.000000	49.000000	219
501	HYP5L	1624.000000	72.000000	72.000000	220
502	HYP5R	1623.000000	69.000000	33.000000	221
552	HYP6D1	1602.000000	96.000000	55.000000	222
553	HYP6D2	1571.000000	97.000000	54.000000	223
554	HYP6D3	1516.000000	97.000000	54.000000	224
555	HYP6D4	1493.000000	101.000000	55.000000	225
541	HYP6V1	1570.000000	34.000000	56.000000	226
542	HYP6V2	1489.000000	31.000000	54.000000	227
217	HYP71	203.000000	54.000000	47.000000	228
218	HYP72	182.000000	62.000000	51.000000	229
312	HYP7ABLD	1144.000000	70.000000	77.000000	230
311	HYP7ABLV	1123.000000	60.000000	74.000000	231
317	HYP7ABR3	1099.000000	75.000000	27.000000	232
319	HYP7ABRD	1161.000000	72.000000	26.000000	233
318	HYP7ABRV	1148.000000	60.000000	27.000000	234
556	HYP7D1	1439.000000	98.000000	55.000000	235
557	HYP7D2	1347.000000	105.000000	55.000000	236
50	HYP7LC1	1038.000000	76.000000	75.000000	237
53	HYP7LC2	936.000000	75.000000	72.000000	238
56	HYP7LC3	785.000000	79.000000	74.000000	239
59	HYP7LC4	622.000000	71.000000	71.000000	240
63	HYP7LC5	480.000000	70.000000	67.000000	241
66	HYP7LC6	276.000000	76.000000	67.000000	242
70	HYP7RC1	996.000000	76.000000	27.000000	243
73	HYP7RC2	887.000000	76.000000	28.000000	244
76	HYP7RC3	743.004409	76.013226	29.986774	245
80	HYP7RC4	621.000000	72.000000	32.000000	246
84	HYP7RC5	484.000000	79.000000	34.000000	247
88	HYP7RC6	302.000000	87.000000	38.000000	248
544	HYP7V1	1442.000000	58.000000	80.000000	249
543	HYP7V2	1413.000000	30.000000	54.000000	250
219	HYP8	148.070175	63.883041	49.812865	251
220	HYP9	111.000000	65.000000	50.000000	252
287	I1L	1529.994401	57.996641	64.988802	253
304	I1R	1527.000000	54.000000	45.000000	254
278	I2L	1484.000000	52.000000	68.000000	255
275	I2R	1492.034682	53.930636	39.156069	256
264	I3	1462.000000	85.000000	54.000000	257
247	I4	1264.000000	95.000000	54.000000	258
246	I5	1247.000000	48.000000	53.000000	259
241	I6	1246.000000	94.000000	66.000000	260
496	IL1DL	1432.706617	85.000000	58.589263	261
495	IL1DR	1429.918728	83.972909	49.756184	262
465	IL1L	1443.012092	60.029021	70.692866	263
478	IL1R	1437.936291	63.072810	35.018203	264
485	IL1VL	1421.000000	38.000000	57.000000	265
486	IL1VR	1436.761158	34.000000	55.278649	266
497	IL2DL	1451.000000	88.000000	65.000000	267
499	IL2DR	1464.000000	95.000000	43.000000	268
455	IL2L	1456.000000	69.000000	76.000000	269
469	IL2R	1449.000000	68.000000	30.000000	270
488	IL2VL	1448.000000	38.000000	61.000000	271
491	IL2VR	1467.000000	34.000000	46.000000	272
515	ILSHDL	1488.000000	79.000000	78.000000	273
528	ILSHDR	1503.000000	79.000000	33.000000	274
507	ILSHL	1517.000000	50.000000	74.000000	275
522	ILSHR	1505.000000	50.000000	34.000000	276
540	ILSHVL	1559.000000	39.000000	60.000000	277
538	ILSHVR	1554.000000	38.000000	49.000000	278
550	ILSODL	1602.000000	89.609848	61.390152	279
548	ILSODR	1573.066746	90.799762	46.766389	280
505	ILSOL	1535.000000	61.000000	75.000000	281
520	ILSOR	1535.000000	59.000000	33.000000	282
539	ILSOVL	1588.000000	40.000000	58.000000	283
537	ILSOVR	1578.017957	38.008979	48.984287	284
67	IML	373.000000	54.000000	64.000000	285
87	IMR	383.000000	61.000000	38.000000	286
25	IND2	1061.000000	88.000000	50.000000	287
26	IND3	978.000000	89.000000	50.000000	288
28	IND4	897.000000	88.000000	50.000000	289
30	IND5	801.000000	84.000000	46.000000	290
33	IND6	644.000000	82.000000	57.000000	291
35	IND7	548.000000	82.000000	50.000000	292
37	IND8	443.000000	84.000000	52.000000	293
39	IND9	365.000000	82.000000	63.000000	294
22	INDL1	1116.000000	86.000000	64.000000	295
21	INDR1	1114.000000	87.000000	40.000000	296
24	INV2	1053.000000	48.000000	56.000000	297
27	INV3	968.000000	50.000000	47.000000	298
29	INV4	859.000000	51.000000	52.000000	299
31	INV5	753.000000	70.000000	62.000000	300
32	INV6	694.000000	59.000000	48.000000	301
34	INV7	584.000000	47.000000	51.000000	302
36	INV8	475.000000	52.000000	50.000000	303
38	INV9	388.000000	54.000000	51.000000	304
23	INVL1	1129.000000	46.000000	59.000000	305
20	INVR1	1109.000000	50.000000	41.000000	306
184	K	303.000000	80.000000	61.000000	307
195	K'	314.000000	84.000000	46.000000	308
178	LUAL	277.000000	64.000000	62.000000	309
190	LUAR	271.000000	79.000000	43.000000	310
81	M	596.000000	69.000000	39.000000	311
242	M1	1246.000000	94.000000	40.000000	312
248	M2L	1262.965557	64.107922	65.034443	313
249	M2R	1260.936999	63.987400	40.113402	314
262	M3L	1443.000000	51.166865	60.733015	315
263	M3R	1442.000000	53.000000	44.000000	316
261	M4	1437.000000	69.000000	55.000000	317
234	M5	1211.000000	89.000000	66.000000	318
285	MC1DL	1499.024194	75.899770	65.917051	319
282	MC1DR	1500.938316	76.938316	42.277580	320
279	MC1V	1498.837209	46.000000	54.122093	321
259	MC2DL	1289.042424	74.957576	61.618182	322
260	MC2DR	1289.021689	75.978311	45.108447	323
258	MC2V	1284.000000	58.000000	52.000000	324
239	MC3DL	1219.000000	80.000000	70.000000	325
240	MC3DR	1219.000000	82.000000	35.000000	326
238	MC3V	1222.000000	45.000000	53.000000	327
276	MCL	1496.770859	60.343711	61.713574	328
274	MCR	1488.568345	56.287770	45.863309	329
267	MI	1478.044313	87.438700	53.581979	330
265	NSML	1468.000000	52.000000	65.000000	331
266	NSMR	1468.000000	53.000000	40.000000	332
461	OLLL	1435.000000	70.000000	66.000000	333
474	OLLR	1436.000000	74.000000	41.000000	334
509	OLLSHL	1480.000000	60.000000	78.000000	335
523	OLLSHR	1490.000000	58.000000	30.000000	336
516	OLLSOL	1443.000000	79.000000	75.000000	337
530	OLLSOR	1466.000000	77.000000	30.000000	338
493	OLQDL	1419.000000	87.000000	64.000000	339
494	OLQDR	1418.000000	87.000000	49.000000	340
517	OLQSHDL	1463.000000	79.000000	73.000000	341
529	OLQSHDR	1485.000000	79.000000	31.000000	342
508	OLQSHVL	1498.000000	54.000000	76.000000	343
524	OLQSHVR	1463.000000	59.000000	30.000000	344
551	OLQSODL	1576.110852	91.889148	61.155193	345
549	OLQSODR	1545.000000	92.000000	48.000000	346
506	OLQSOVL	1533.000000	50.000000	73.000000	347
521	OLQSOVR	1520.000000	51.000000	34.000000	348
466	OLQVL	1419.000000	49.000000	66.000000	349
477	OLQVR	1415.000000	49.000000	39.000000	350
49	P1/2L	1007.000000	44.000000	71.000000	351
69	P1/2R	1009.000000	48.000000	27.000000	352
65	P11/12L	346.205562	54.753325	67.205562	353
86	P11/12R	354.000000	62.000000	35.000000	354
52	P3/4L	906.000000	47.000000	70.000000	355
72	P3/4R	894.000000	50.000000	27.000000	356
55	P5/6L	773.954494	50.045506	74.072810	357
75	P5/6R	781.000000	50.000000	31.000000	358
58	P7/8L	634.000000	47.000000	71.000000	359
78	P7/8R	636.000000	49.000000	33.000000	360
62	P9/10L	483.000000	51.000000	66.000000	361
83	P9/10R	498.935043	55.393162	32.858120	362
180	PHAL	292.000000	58.000000	59.000000	363
192	PHAR	288.000000	62.000000	42.000000	364
179	PHBL	288.983051	68.056497	62.016949	365
191	PHBR	284.000000	73.000000	42.000000	366
175	PHSHL	243.005650	63.977401	57.056497	367
187	PHSHR	242.000000	68.000000	47.000000	368
174	PLML	209.006719	58.004479	56.010078	369
186	PLMR	228.000000	61.000000	47.000000	370
284	PM1DL	1506.230585	80.145759	60.826762	371
283	PM1DR	1497.000000	84.000000	51.000000	372
286	PM1L	1509.000000	70.000000	66.000000	373
281	PM1R	1506.000000	62.000000	42.000000	374
277	PM1VL	1501.088757	54.000000	66.733728	375
280	PM1VR	1507.000000	46.000000	48.000000	376
299	PM2D1	1626.000000	81.000000	54.000000	377
298	PM2D2	1603.004499	80.969629	53.992126	378
292	PM2VL1	1637.000000	56.000000	64.000000	379
291	PM2VL2	1616.000000	54.000000	64.000000	380
309	PM2VR1	1629.000000	59.000000	42.000000	381
308	PM2VR2	1611.000000	58.000000	42.000000	382
294	PM3DL	1568.000000	79.000000	61.000000	383
302	PM3DR	1545.000000	79.000000	47.000000	384
288	PM3L	1541.020247	64.010124	65.969629	385
305	PM3R	1542.000000	60.000000	45.000000	386
295	PM3VL	1573.000000	52.000000	60.000000	387
303	PM3VR	1576.000000	51.000000	47.000000	388
268	PM4DL	1478.000000	84.000000	61.000000	389
269	PM4DR	1477.000000	85.000000	45.000000	390
270	PM4L	1476.996641	65.005599	67.988802	391
271	PM4R	1481.000000	66.000000	39.000000	392
272	PM4VL	1479.000000	44.000000	60.000000	393
273	PM4VR	1481.000000	44.000000	44.000000	394
256	PM5DL	1278.000000	88.000000	60.000000	395
257	PM5DR	1274.000000	88.000000	46.000000	396
254	PM5L	1275.000000	73.000000	65.000000	397
255	PM5R	1275.000000	70.000000	41.000000	398
252	PM5VL	1265.006985	55.031432	60.153667	399
253	PM5VR	1264.000000	55.000000	50.000000	400
243	PM6D	1246.000000	97.000000	53.000000	401
244	PM6VL	1246.000000	62.000000	65.000000	402
245	PM6VR	1246.000000	63.000000	41.000000	403
235	PM7D	1216.000000	99.000000	54.000000	404
236	PM7VL	1224.000000	59.000000	67.000000	405
237	PM7VR	1222.000000	61.000000	40.000000	406
228	PM8	1196.000000	58.000000	54.000000	407
177	PVCL	263.023837	62.984109	62.079455	408
189	PVCR	265.012443	69.001131	42.959276	409
210	PVPL	352.000000	50.000000	55.000000	410
214	PVPR	346.000000	58.000000	43.000000	411
181	PVQL	305.000000	64.000000	64.000000	412
193	PVQR	305.000000	71.000000	38.000000	413
216	PVR	195.000000	76.000000	54.000000	414
215	PVT	367.000000	51.000000	46.000000	415
60	QL	533.000000	70.000000	67.000000	416
79	QR	674.000000	78.000000	34.000000	417
197	REPD	314.000000	87.000000	58.000000	418
182	REPVL	325.000000	66.000000	63.000000	419
194	REPVR	331.000000	73.000000	38.000000	420
348	RIAL	1348.000000	80.000000	66.000000	421
381	RIAR	1349.000000	81.000000	38.000000	422
354	RIBL	1306.000000	65.000000	68.000000	423
386	RIBR	1304.000000	67.000000	37.000000	424
558	RICL	1275.000000	51.000000	77.000000	425
361	RICR	1273.000000	52.000000	27.000000	426
389	RID	1389.000000	99.000000	55.000000	427
446	RIFL	1233.000000	32.000000	57.000000	428
445	RIFR	1228.977401	33.005650	46.943503	429
448	RIGL	1217.000000	33.000000	61.000000	430
452	RIGR	1178.000000	33.000000	51.000000	431
411	RIH	1345.936073	42.754947	53.243531	432
355	RIML	1289.000000	61.000000	70.000000	433
387	RIMR	1285.000000	61.000000	37.000000	434
460	RIPL	1419.000000	67.000000	66.000000	435
473	RIPR	1420.000000	69.000000	39.000000	436
422	RIR	1332.000000	52.000000	43.000000	437
439	RIS	1251.000000	47.000000	33.000000	438
400	RIVL	1277.000000	93.000000	71.000000	439
404	RIVR	1277.000000	93.000000	34.000000	440
417	RMDDL	1351.000000	44.000000	68.000000	441
414	RMDDR	1351.000000	40.000000	39.000000	442
339	RMDL	1365.000000	55.000000	74.000000	443
371	RMDR	1366.078978	53.980256	29.822300	444
342	RMDVL	1376.000000	70.000000	76.000000	445
374	RMDVR	1385.000000	71.000000	30.000000	446
492	RMED	1413.545576	89.199732	56.974531	447
456	RMEL	1403.000000	67.000000	68.000000	448
470	RMER	1408.000000	69.000000	36.000000	449
480	RMEV	1382.000000	34.000000	54.000000	450
325	RMGL	1224.000000	55.000000	78.000000	451
357	RMGR	1191.000000	56.000000	30.000000	452
412	SAADL	1345.706617	44.000000	60.589263	453
413	SAADR	1347.860806	46.278388	45.278388	454
347	SAAVL	1366.000000	76.000000	67.000000	455
380	SAAVR	1368.000000	79.000000	38.000000	456
449	SABD	1209.000000	35.000000	45.000000	457
443	SABVL	1246.200238	32.066746	57.233611	458
444	SABVR	1240.138211	29.960511	49.861789	459
426	SIADL	1316.009101	50.027304	68.091013	460
428	SIADR	1307.055109	48.041332	31.876005	461
427	SIAVL	1299.010262	40.917902	67.071836	462
429	SIAVR	1302.928164	45.000000	40.917902	463
338	SIBDL	1348.998881	54.005593	74.003356	464
370	SIBDR	1351.040632	55.000000	29.959368	465
419	SIBVL	1338.000000	53.000000	67.000000	466
416	SIBVR	1343.000000	55.000000	38.000000	467
425	SMBDL	1318.096659	39.745823	64.150358	468
424	SMBDR	1320.000000	42.000000	39.000000	469
420	SMBVL	1330.000000	47.000000	59.000000	470
421	SMBVR	1328.989876	41.966254	47.013498	471
418	SMDDL	1334.008979	39.984287	67.017957	472
415	SMDDR	1335.044268	41.988649	37.933031	473
343	SMDVL	1358.000000	84.000000	73.000000	474
375	SMDVR	1357.129181	85.064591	32.919262	475
183	SPH	341.023837	61.015891	62.079455	476
173	TL	221.000000	68.000000	60.000000	477
185	TR	214.000000	73.000000	47.000000	478
207	U	322.978311	61.021689	52.108447	479
463	URADL	1431.892361	82.964120	74.143519	480
476	URADR	1442.000000	86.000000	41.000000	481
484	URAVL	1430.000000	44.000000	65.000000	482
483	URAVR	1423.061684	35.938316	47.722420	483
454	URBL	1427.000000	67.000000	75.000000	484
468	URBR	1429.996644	71.998881	30.994407	485
396	URXL	1358.000000	89.000000	60.000000	486
395	URXR	1352.000000	90.000000	49.000000	487
462	URYDL	1420.038508	80.768953	71.269555	488
475	URYDR	1425.001167	84.994166	40.809802	489
464	URYVL	1429.000000	56.000000	72.000000	490
479	URYVR	1429.000000	52.000000	36.000000	491
48	V1L	1072.000000	63.000000	75.000000	492
68	V1R	1065.000000	63.000000	27.000000	493
51	V2L	955.000000	51.000000	72.000000	494
71	V2R	950.000000	55.000000	27.000000	495
54	V3L	841.000000	53.000000	75.000000	496
74	V3R	825.000000	58.000000	30.000000	497
57	V4L	675.000000	53.000000	72.000000	498
77	V4R	684.000000	55.000000	32.000000	499
61	V5L	524.000000	53.000000	67.000000	500
82	V5R	545.000000	59.000000	34.000000	501
64	V6L	427.000000	57.000000	68.000000	502
85	V6R	441.000000	66.000000	33.000000	503
211	VIRL	341.000000	77.000000	60.000000	504
212	VIRR	342.000000	80.000000	47.000000	505
89	VL1	1585.684347	55.078913	73.552393	506
123	VL10	1113.000000	37.000000	65.000000	507
122	VL11	1023.000000	34.000000	57.000000	508
121	VL12	978.000000	39.000000	60.000000	509
120	VL13	903.000000	37.000000	56.000000	510
119	VL14	853.000000	41.000000	64.000000	511
116	VL15	764.000000	40.000000	59.000000	512
115	VL16	682.000000	41.000000	60.000000	513
114	VL17	527.000000	42.000000	57.000000	514
113	VL18	416.000000	43.000000	57.000000	515
204	VL19	253.990899	51.972696	55.091013	516
90	VL2	1557.996625	44.016873	70.033746	517
91	VL3	1520.000000	36.000000	65.000000	518
92	VL4	1460.000000	43.000000	72.000000	519
93	VL5	1394.668734	36.889578	64.331266	520
94	VL6	1381.000000	43.000000	72.000000	521
127	VL7	1272.000000	33.000000	65.000000	522
126	VL8	1231.000000	40.000000	66.000000	523
124	VL9	1172.000000	37.000000	62.000000	524
225	VPI1	1182.000000	85.000000	50.000000	525
229	VPI2DL	1189.003375	67.016873	65.966254	526
230	VPI2DR	1183.000000	74.000000	41.000000	527
227	VPI2V	1193.000000	48.000000	48.000000	528
224	VPI3D	1174.000000	77.000000	56.000000	529
226	VPI3V	1183.733728	51.088757	48.000000	530
101	VR1	1573.000000	52.000000	35.000000	531
139	VR10	1134.000000	35.000000	36.000000	532
138	VR11	1065.000000	36.000000	42.000000	533
135	VR12	1000.000000	38.000000	38.000000	534
134	VR13	939.000000	38.000000	38.000000	535
133	VR14	861.000000	42.000000	38.000000	536
132	VR15	797.000000	41.000000	42.000000	537
131	VR16	709.000000	44.000000	42.000000	538
130	VR17	623.000000	44.000000	42.000000	539
129	VR18	522.000000	44.000000	41.000000	540
128	VR19	437.000000	48.000000	41.000000	541
102	VR2	1544.000000	44.000000	37.000000	542
205	VR20	255.000000	55.000000	45.000000	543
103	VR3	1510.016949	38.960452	39.954802	544
104	VR4	1451.003356	44.994407	35.001119	545
105	VR5	1411.000000	37.000000	40.000000	546
106	VR6	1365.000000	42.000000	35.000000	547
143	VR7	1278.000000	34.000000	38.000000	548
142	VR8	1230.000000	42.000000	36.000000	549
140	VR9	1180.000000	36.000000	39.000000	550
441	W	1274.000000	34.000000	53.000000	551
510	XXXL	1461.000000	56.000000	75.000000	552
490	XXXR	1445.000000	55.000000	33.000000	553
206	YPDA	313.000000	48.000000	49.000000	554
19	Z1	766.000000	47.000000	42.000000	555
18	Z2	744.043149	53.816048	43.043149	556
17	Z3	722.000000	48.000000	57.000000	557
16	Z4	704.000000	43.000000	57.000000	558
