label_number	label_name	x	y	z	Aligned_No
430	ADAL	1143.000000	95.000000	41.000000	1
276	ADAR	1143.912504	95.096246	101.357607	2
13	ADEL	1157.046722	88.951418	43.927940	3
275	ADER	1160.551014	91.838305	100.931981	4
22	ADESHL	1131.250000	56.348131	45.106839	5
278	ADESHR	1107.533995	80.312876	98.813779	6
395	ADFL	1249.000000	64.000000	50.000000	7
555	ADFR	1246.000000	69.000000	93.000000	8
390	ADLL	1234.000000	55.000000	65.000000	9
190	ADLR	1230.186185	53.605101	83.875070	10
396	AFDL	1258.926936	78.926936	46.866050	11
556	AFDR	1258.000000	74.000000	102.000000	12
417	AIAL	1227.199170	100.867220	67.402490	13
418	AIAR	1224.017738	103.022173	76.951220	14
72	AIBL	1246.915557	83.709833	58.081893	15
403	AIBR	1244.000000	88.000000	92.000000	16
477	AIML	1186.024283	101.997792	60.015453	17
479	AIMR	1190.000000	103.131474	80.561753	18
2	AINL	1171.328425	75.800818	41.182209	19
277	AINR	1171.674018	75.980967	102.597885	20
478	AIYL	1175.000000	103.000000	53.000000	21
480	AIYR	1190.000000	100.000000	91.000000	22
33	AIZL	1180.673324	85.806026	47.827353	23
401	AIZR	1182.792062	86.154443	98.129422	24
140	ALA	1272.101178	47.862221	73.986538	25
36	ALML	867.007787	53.964269	49.138571	26
503	ALMR	813.000000	49.000000	87.000000	27
492	ALNL	257.974016	54.043059	66.933185	28
203	ALNR	253.083409	51.397703	86.573587	29
21	AMSHL	1173.308141	56.074828	44.123167	30
268	AMSHR	1117.877657	60.624783	99.680680	31
28	AMSOL	1420.017540	69.374118	47.642995	32
303	AMSOR	1443.552590	70.050235	96.200942	33
285	ARCADL	1471.020802	82.729569	45.958395	34
253	ARCADR	1464.453801	76.448466	96.924748	35
144	ARCAV	1529.968041	102.366675	73.776531	36
142	ARCPD	1511.018094	53.089556	75.588181	37
27	ARCPDL	1438.923243	71.804672	45.537299	38
304	ARCPDR	1432.000000	69.000000	92.000000	39
348	ARCPV	1499.405910	107.000000	76.360809	40
286	ARCPVL	1444.000000	93.000000	46.000000	41
300	ARCPVR	1451.000000	88.000000	96.000000	42
3	ASEL	1213.590058	75.609641	40.847644	43
279	ASER	1213.414184	73.924350	103.232624	44
61	ASGL	1220.578744	67.646621	56.690384	45
399	ASGR	1223.000000	56.000000	98.000000	46
16	ASHL	1234.036135	78.876338	43.694058	47
280	ASHR	1237.581206	78.507605	103.608908	48
45	ASIL	1228.221771	48.391018	51.863994	49
392	ASIR	1209.187974	59.031329	88.655382	50
15	ASJL	1208.603394	94.857963	43.313316	51
281	ASJR	1210.188624	95.086354	102.125258	52
389	ASKL	1253.016299	64.000000	64.057047	53
178	ASKR	1249.921038	55.113814	82.748775	54
20	AUAL	1226.091709	93.980693	43.954287	55
282	AUAR	1227.200371	92.543908	102.798083	56
29	AVAL	1277.067673	80.042785	45.487696	57
284	AVAR	1278.390179	74.665065	103.935949	58
42	AVBL	1202.921278	65.970902	51.573655	59
261	AVBR	1197.817714	71.589770	97.350154	60
1	AVDL	1189.602334	83.788600	36.958932	61
402	AVDR	1190.000000	81.000000	104.000000	62
398	AVEL	1264.674055	84.867506	57.867506	63
243	AVER	1265.881868	83.282280	93.355426	64
152	AVG	1132.730881	119.016387	73.692280	65
397	AVHL	1216.000000	56.000000	46.000000	66
400	AVHR	1203.000000	58.000000	100.000000	67
9	AVJL	1188.804521	69.995346	44.208112	68
273	AVJR	1184.142078	66.802117	101.310776	69
60	AVKL	1160.257985	107.088141	54.913592	70
238	AVKR	1160.695731	107.005147	91.270966	71
419	AVL	1220.000000	98.000000	88.000000	72
86	AWAL	1235.669755	75.416625	58.650476	73
233	AWAR	1229.757766	70.093970	90.724876	74
38	AWBL	1232.863328	62.983829	47.922535	75
269	AWBR	1239.172751	63.007473	101.782121	76
18	AWCL	1247.760516	92.077419	43.931355	77
383	AWCR	1249.012900	93.012900	104.031056	78
491	B	272.717092	72.616650	79.010560	79
37	BAGL	1320.942544	95.570045	46.843770	80
310	BAGR	1334.975633	85.999044	101.005733	81
24	BDUL	1017.755757	79.850453	45.534023	82
250	BDUR	1009.442216	84.081530	94.094195	83
460	CANL	701.000000	69.000000	48.000000	84
504	CANR	745.000000	66.000000	96.000000	85
89	CCLA	729.644469	101.864841	63.088280	86
516	CCLP	716.000000	97.000000	58.000000	87
216	CCRA	993.862745	102.819703	90.249880	88
201	CCRP	961.922702	103.819491	87.671539	89
85	CEPDL	1277.985187	54.379158	59.966476	90
209	CEPDR	1283.727249	52.288918	90.755411	91
330	CEPSHDL	1312.000000	71.000000	54.000000	92
247	CEPSHDR	1316.160869	69.216671	94.828391	93
326	CEPSHVL	1311.000000	104.000000	56.000000	94
226	CEPSHVR	1312.128160	101.011758	92.184891	95
320	CEPSODL	1347.963027	70.539983	48.773861	96
316	CEPSODR	1360.000000	67.000000	92.000000	97
334	CEPSOVL	1352.000000	108.857949	62.863594	98
222	CEPSOVR	1352.201507	103.735819	89.885760	99
292	CEPVL	1314.000000	109.000000	69.000000	100
291	CEPVR	1310.923788	113.101617	79.254042	101
138	DA1	1087.052505	112.203276	70.320809	102
115	DA2	1008.231807	112.694195	69.087490	103
137	DA3	920.978491	109.670310	73.307828	104
149	DA4	828.016660	108.935515	73.033516	105
155	DA5	684.971224	105.637825	75.495733	106
468	DA6	539.000000	103.000000	75.000000	107
164	DA7	404.130703	97.616046	74.713247	108
88	DA8	314.181039	92.029614	65.335817	109
220	DA9	312.806460	85.647237	87.534948	110
111	DB1	1112.758907	113.697150	65.814727	111
127	DB2	1171.547074	122.902742	70.832344	112
121	DB3	1027.225446	113.893415	70.805060	113
471	DB4	897.000000	110.000000	72.000000	114
469	DB5	740.000000	106.000000	74.000000	115
134	DB6	566.054834	102.557509	72.258502	116
466	DB7	441.000000	103.000000	77.000000	117
473	DD1	1128.000000	113.000000	63.000000	118
472	DD2	956.000000	112.000000	73.000000	119
470	DD3	806.000000	107.000000	71.000000	120
467	DD4	617.685251	99.588309	72.177242	121
145	DD5	478.518937	100.732699	74.203054	122
495	DD6	324.908822	86.054707	74.781173	123
493	DEP	262.000000	47.000000	78.000000	124
47	DL1	1483.726775	64.522443	51.793319	125
56	DL10	1039.217137	41.233871	55.668750	126
64	DL11	992.504749	39.786369	58.393768	127
526	DL12	907.423448	42.783624	57.980037	128
69	DL13	861.677321	45.748471	60.175375	129
46	DL14	788.820861	47.951388	53.866411	130
527	DL15	748.000000	46.000000	58.000000	131
57	DL16	650.649896	46.500418	56.333820	132
528	DL17	569.000000	47.000000	58.000000	133
531	DL18	480.501537	51.476605	59.987022	134
529	DL19	428.307333	52.231972	62.205159	135
521	DL2	1442.190276	58.106506	55.917104	136
530	DL20	335.170683	51.026908	62.471285	137
147	DL21	238.544950	53.543008	74.341842	138
299	DL3	1373.892887	52.100946	54.901933	139
522	DL4	1349.000000	58.000000	46.000000	140
84	DL5	1308.215064	45.468269	59.314744	141
523	DL6	1295.059412	54.873901	50.836617	142
524	DL7	1178.668337	37.850367	57.317134	143
525	DL8	1125.491498	41.958909	53.103790	144
76	DL9	1099.585887	47.527110	59.276285	145
234	DR1	1479.909057	63.416009	92.856069	146
558	DR10	1079.421798	45.025189	87.928383	147
539	DR11	1018.549904	39.387236	78.434741	148
540	DR12	949.412057	42.316302	86.856460	149
167	DR13	912.194765	41.037726	81.513899	150
184	DR14	845.371149	48.524003	85.074994	151
541	DR15	851.000000	41.000000	72.000000	152
542	DR16	752.000000	38.000000	74.000000	153
543	DR17	701.000000	41.000000	85.000000	154
533	DR18	573.031879	44.265591	74.211397	155
162	DR19	537.956360	44.739139	78.433464	156
212	DR2	1449.404200	59.764451	87.563542	157
532	DR20	416.000000	47.000000	81.000000	158
489	DR21	323.481686	47.515698	80.410174	159
210	DR3	1414.413512	55.487383	86.844526	160
260	DR4	1375.811799	57.562832	95.792920	161
535	DR5	1313.977126	45.748384	87.839881	162
536	DR6	1315.000000	57.000000	95.000000	163
537	DR7	1197.152998	41.913375	85.351915	164
227	DR8	1157.508646	41.236174	90.962611	165
538	DR9	1106.956457	44.470379	82.098193	166
157	DVA	282.130985	49.822267	77.288166	167
170	DVC	256.475410	65.649716	78.083975	168
372	E1D	1462.641109	63.712887	72.646003	169
79	E1VL	1482.428737	91.700491	61.318589	170
375	E1VR	1481.185332	85.833994	81.998018	171
129	E2D	1540.599163	63.561701	70.792640	172
373	E2VL	1534.658830	88.474941	60.848369	173
173	E2VR	1535.263974	86.027744	82.383925	174
371	E3D	1426.284925	66.155738	71.668746	175
82	E3VL	1455.578313	92.348612	61.512834	176
376	E3VR	1453.066815	89.043059	83.025984	177
476	EXC	1200.026456	103.000000	68.965777	178
101	EXC/DUCT	1213.919245	95.497378	63.169638	179
44	EXC/GL/L	1112.494108	95.622054	51.166667	180
237	EXC/GL/R	1115.600809	99.465768	90.994070	181
166	F	291.743899	63.687445	76.804469	182
7	FLPL	1168.418616	95.040397	41.658871	183
274	FLPR	1172.704274	96.540541	101.486801	184
139	G1	1242.167659	120.714286	71.585317	185
91	G1AL	1176.233473	60.905382	59.896781	186
213	G1AR	1174.900590	69.970514	88.057006	187
172	G1P	1119.482823	64.141924	82.376652	188
414	G2	1223.096796	116.061415	69.351135	189
107	G2L	1127.433038	95.004950	63.822303	190
181	G2R	1126.379571	95.836909	80.572647	191
388	GLRDL	1285.000000	67.000000	68.000000	192
387	GLRDR	1285.000000	64.000000	82.000000	193
406	GLRL	1275.000000	89.000000	62.000000	194
407	GLRR	1279.000000	91.000000	91.000000	195
404	GLRVL	1277.042781	100.235294	64.042781	196
405	GLRVR	1275.000000	102.010302	84.986019	197
11	H0L	1413.174296	88.953345	41.201585	198
267	H0R	1419.539231	83.835074	99.785730	199
12	H1L	1298.500000	90.444111	42.013490	200
500	H1R	1298.064664	88.772602	105.346920	201
4	H2L	1134.384557	74.428679	39.949985	202
498	H2R	1136.509076	78.396596	105.178120	203
128	HMC	1200.618734	42.954937	70.767342	204
32	HSNL	678.909497	83.694227	48.697952	205
241	HSNR	678.511760	78.104729	94.372369	206
481	HYP101	119.132291	72.809381	69.603127	207
135	HYP102	94.730735	76.653131	71.570655	208
484	HYP11	166.000000	72.000000	66.000000	209
10	HYP1L	1399.890943	71.237772	41.301428	210
305	HYP1R	1411.000000	70.000000	97.000000	211
349	HYP1V	1490.000000	107.000000	68.000000	212
23	HYP2L	1456.908996	77.535633	44.554540	213
120	HYP2V	1513.765967	105.622611	68.468765	214
116	HYP31	1543.304189	51.378813	70.542090	215
106	HYP32	1526.034686	53.009490	65.276505	216
340	HYP4D	1589.453642	59.280483	71.992014	217
148	HYP4V1	1583.422280	95.277064	72.802097	218
143	HYP4V2	1555.235253	100.486298	72.369717	219
39	HYP5L	1506.783866	77.169711	47.359462	220
534	HYP5R	1512.093639	73.718407	93.478826	221
346	HYP6D1	1471.000000	47.000000	69.000000	222
344	HYP6D2	1443.896151	50.798209	71.275724	223
345	HYP6D3	1394.748562	47.649548	71.009244	224
122	HYP6D4	1372.888597	47.035208	68.157120	225
354	HYP6V1	1471.000000	115.000000	72.000000	226
136	HYP6V2	1433.604995	112.242368	71.257169	227
161	HYP71	199.028201	84.037889	76.101211	228
159	HYP72	184.616014	76.732028	76.472234	229
511	HYP7ABLD	1090.905416	65.883152	42.403916	230
512	HYP7ABLV	1070.309016	81.388808	40.851192	231
266	HYP7ABR3	1035.600381	75.689941	98.292636	232
501	HYP7ABRD	1079.586081	72.975635	100.070178	233
502	HYP7ABRV	1059.400601	82.438501	98.201373	234
123	HYP7D1	1334.621482	46.330781	69.620131	235
347	HYP7D2	1243.099381	42.279196	71.924594	236
513	HYP7LC1	965.855459	59.623641	44.484765	237
30	HYP7LC2	901.655586	57.761308	46.124387	238
26	HYP7LC3	758.972402	59.093518	45.554014	239
514	HYP7LC4	548.453466	66.335589	47.532702	240
50	HYP7LC5	447.708839	66.639816	51.420600	241
515	HYP7LC6	302.000000	57.000000	56.000000	242
264	HYP7RC1	931.306374	59.486743	99.104580	243
505	HYP7RC2	808.406146	64.253287	95.851576	244
506	HYP7RC3	697.636768	57.750000	97.266308	245
507	HYP7RC4	593.809713	54.589968	91.377389	246
508	HYP7RC5	455.004426	62.003934	93.553024	247
510	HYP7RC6	311.841713	52.917265	91.686885	248
355	HYP7V1	1356.000000	122.000000	74.000000	249
151	HYP7V2	1331.155340	123.561613	71.634802	250
483	HYP8	157.777722	80.222278	74.222278	251
482	HYP9	118.000000	83.000000	73.000000	252
73	I1L	1429.637874	89.997157	60.538159	253
370	I1R	1421.000000	89.000000	82.000000	254
361	I2L	1405.813953	94.620507	52.492600	255
363	I2R	1397.000000	93.000000	89.000000	256
113	I3	1366.123237	65.848092	69.796763	257
156	I4	1180.960201	49.598897	77.434428	258
133	I5	1171.593691	96.399905	72.120493	259
77	I6	1163.036975	51.068937	59.904533	260
298	IL1DL	1334.002380	66.997620	67.006663	261
297	IL1DR	1342.151550	64.130884	79.052813	262
325	IL1L	1343.122010	89.398724	51.803030	263
242	IL1R	1348.183423	88.461991	94.385483	264
338	IL1VL	1351.778438	109.290323	71.888795	265
339	IL1VR	1328.004402	109.999266	77.991196	266
332	IL2DL	1345.840873	57.747206	59.458755	267
146	IL2DR	1371.032804	50.482317	81.860755	268
324	IL2L	1354.000000	85.000000	44.000000	269
262	IL2R	1369.281941	82.440999	99.952914	270
336	IL2VL	1371.000000	116.000000	67.000000	271
337	IL2VR	1364.371193	113.628807	81.320988	272
288	ILSHDL	1380.178218	68.861386	43.039604	273
306	ILSHDR	1394.257940	67.856700	95.885360	274
19	ILSHL	1386.188795	96.585643	43.846221	275
302	ILSHR	1402.969212	94.575123	97.591749	276
351	ILSHVL	1452.986603	106.996172	63.956459	277
353	ILSHVR	1457.000000	108.000000	77.000000	278
97	ILSODL	1496.728016	54.093519	62.598804	279
342	ILSODR	1492.000000	55.000000	79.000000	280
287	ILSOL	1428.000000	101.000000	50.000000	281
236	ILSOR	1435.283223	92.589701	94.268272	282
350	ILSOVL	1469.946445	105.670360	64.409049	283
352	ILSOVR	1478.306634	105.625405	77.212783	284
65	IML	359.882700	89.623996	58.684521	285
497	IMR	374.000000	83.000000	89.000000	286
438	IND2	986.201582	52.643275	74.314805	287
440	IND3	924.000000	52.000000	71.000000	288
441	IND4	844.000000	57.000000	66.000000	289
163	IND5	747.924506	58.218787	78.720578	290
103	IND6	587.523565	59.790815	63.664516	291
158	IND7	489.422537	52.706972	76.699710	292
447	IND8	409.000000	57.000000	68.000000	293
78	IND9	362.257427	60.038401	59.678255	294
437	INDL1	1037.594091	58.913798	56.152467	295
169	INDR1	1038.873967	54.745669	82.791530	296
439	INV2	977.000000	98.000000	72.000000	297
442	INV3	894.761136	90.547724	75.477533	298
124	INV4	795.441563	87.642291	71.726331	299
443	INV5	695.474651	59.014526	60.656223	300
444	INV6	637.000000	69.000000	80.000000	301
118	INV7	534.344550	84.876655	71.677957	302
445	INV8	447.036648	88.910335	71.967994	303
446	INV9	369.003899	86.579725	74.848348	304
66	INVL1	1033.764442	93.741996	58.628588	305
175	INVR1	1034.895685	95.367354	81.143066	306
494	K	297.842430	52.842430	70.108136	307
509	K'	301.911674	57.088326	80.758065	308
485	LUAL	270.044280	58.014760	65.996310	309
217	LUAR	269.695412	55.391075	89.534971	310
211	M	548.870812	61.153523	86.297108	311
434	M1	1163.000000	55.000000	89.000000	312
92	M2L	1182.756757	81.067238	58.806196	313
433	M2R	1180.000000	88.000000	88.000000	314
356	M3L	1344.000000	96.000000	65.000000	315
357	M3R	1345.000000	94.000000	83.000000	316
160	M4	1340.476558	78.143884	74.956350	317
96	M5	1133.464192	52.884716	61.239301	318
369	MC1DL	1400.000000	71.000000	54.000000	319
196	MC1DR	1398.428712	70.601875	82.400099	320
365	MC1V	1402.696171	105.303829	69.741329	321
423	MC2DL	1208.000000	69.000000	67.000000	322
195	MC2DR	1210.624059	71.337238	81.653556	323
424	MC2V	1204.124812	86.342809	74.567583	324
431	MC3DL	1141.225411	65.066750	55.634435	325
432	MC3DR	1138.145829	69.297920	91.948091	326
119	MC3V	1141.128137	99.747311	71.070768	327
74	MCL	1390.636888	95.614266	59.312789	328
362	MCR	1395.966380	88.865520	78.663800	329
359	MI	1382.059606	61.821181	70.655668	330
358	NSML	1375.000000	96.000000	57.000000	331
193	NSMR	1374.476497	94.113349	85.136718	332
329	OLLL	1339.885489	79.184600	56.952122	333
313	OLLR	1348.019868	74.019868	90.000000	334
5	OLLSHL	1374.765406	88.411002	40.939963	335
309	OLLSHR	1393.980741	85.951854	100.074627	336
319	OLLSOL	1361.000000	71.000000	45.000000	337
308	OLLSOR	1370.147059	69.029412	98.088235	338
295	OLQDL	1321.924963	62.971025	61.977712	339
296	OLQDR	1327.844697	59.935606	82.892424	340
318	OLQSHDL	1371.143180	76.071590	40.942728	341
307	OLQSHDR	1385.000000	73.000000	100.000000	342
321	OLQSHVL	1363.101124	92.078652	48.044944	343
272	OLQSHVR	1381.619788	89.841168	99.833207	344
341	OLQSODL	1476.521917	54.721216	61.278784	345
343	OLQSODR	1469.946475	53.742167	78.296345	346
35	OLQSOVL	1412.277921	102.930306	48.506998	347
301	OLQSOVR	1419.996310	96.022878	94.041328	348
327	OLQVL	1325.897168	104.000000	60.017139	349
231	OLQVR	1326.254041	97.818237	91.316865	350
451	P1/2L	940.193440	92.279680	46.679520	351
257	P1/2R	933.809338	89.135314	98.288625	352
557	P11/12L	328.000000	89.000000	56.000000	353
248	P11/12R	342.787080	77.972643	94.116018	354
25	P3/4L	831.413496	93.601290	46.105794	355
251	P3/4R	829.399966	88.702814	95.016644	356
453	P5/6L	708.765169	89.941948	46.671536	357
271	P5/6R	717.977524	86.136156	100.127524	358
455	P7/8L	564.524799	89.661836	48.436232	359
463	P7/8R	586.000000	87.000000	96.000000	360
458	P9/10L	454.000000	92.000000	53.000000	361
244	P9/10R	463.328819	84.491955	93.710371	362
100	PHAL	280.222462	79.866135	65.399655	363
230	PHAR	282.342368	76.148359	90.525535	364
487	PHBL	282.000000	66.000000	64.000000	365
225	PHBR	281.630446	62.987955	91.341620	366
108	PHSHL	245.186907	69.235104	66.893738	367
218	PHSHR	245.576619	66.565298	86.650869	368
114	PLML	231.381044	79.950765	69.556357	369
192	PLMR	210.193548	79.068750	84.653629	370
368	PM1DL	1404.730769	67.449393	63.479757	371
367	PM1DR	1396.723448	66.960493	72.395074	372
48	PM1L	1407.578979	81.397106	57.722066	373
179	PM1R	1406.432018	77.295565	84.732943	374
364	PM1VL	1407.288070	96.432106	61.432106	375
366	PM1VR	1410.000000	98.000000	76.000000	376
130	PM2D1	1513.653656	64.764529	71.323611	377
131	PM2D2	1487.552643	66.741989	70.401373	378
520	PM2VL1	1511.000000	91.000000	61.000000	379
374	PM2VL2	1496.871186	91.000000	59.990799	380
180	PM2VR1	1516.083911	87.917476	83.185160	381
174	PM2VR2	1501.085135	88.102503	83.389579	382
380	PM3DL	1468.000000	68.000000	63.000000	383
381	PM3DR	1447.085565	68.771478	76.963130	384
379	PM3L	1444.055211	83.203784	60.835608	385
382	PM3R	1442.000000	82.000000	79.000000	386
378	PM3VL	1469.000000	94.000000	67.000000	387
377	PM3VR	1472.057604	94.000000	79.266513	388
360	PM4DL	1381.000000	65.000000	59.000000	389
194	PM4DR	1377.308292	67.084080	81.482520	390
49	PM4L	1383.988959	83.798786	54.674027	391
187	PM4R	1381.700211	80.898663	85.424349	392
102	PM4VL	1383.969356	107.419305	62.898366	393
176	PM4VR	1385.175549	101.043946	78.149135	394
425	PM5DL	1193.000000	56.957362	67.722856	395
426	PM5DR	1193.000000	59.000000	81.000000	396
104	PM5L	1193.058607	72.127759	63.038744	397
191	PM5R	1190.690365	75.972052	83.985781	398
427	PM5VL	1186.000000	89.157598	67.581614	399
428	PM5VR	1186.177945	88.000000	77.701754	400
154	PM6D	1159.780774	47.828839	75.293708	401
81	PM6VL	1164.356873	82.878100	58.984868	402
199	PM6VR	1159.612762	85.653440	86.888933	403
153	PM7D	1137.252397	46.378400	74.936216	404
429	PM7VL	1141.073959	84.582312	56.511472	405
205	PM7VR	1139.411895	88.339150	88.510691	406
125	PM8	1116.285602	89.161341	72.806312	407
486	PVCL	264.000000	72.000000	66.000000	408
240	PVCR	262.681682	68.607972	90.531532	409
110	PVPL	340.018254	93.499206	67.848810	410
496	PVPR	330.000000	83.000000	87.000000	411
70	PVQL	295.083693	75.825431	59.084411	412
235	PVQR	296.851950	68.371208	92.257342	413
165	PVR	202.029543	64.605739	78.984272	414
177	PVT	348.989170	91.081681	82.709435	415
457	QL	497.000000	69.000000	53.000000	416
219	QR	575.785154	69.349224	90.571589	417
141	REPD	312.910478	52.246845	70.809510	418
71	REPVL	314.032292	76.795427	59.573398	419
228	REPVR	317.532421	70.213372	91.486875	420
394	RIAL	1264.000000	64.000000	52.000000	421
393	RIAR	1264.000000	70.000000	91.000000	422
53	RIBL	1217.742393	83.669719	53.177548	423
254	RIBR	1218.344136	82.521605	93.723765	424
6	RICL	1184.663029	98.073729	41.490817	425
283	RICR	1190.207288	96.631488	103.615332	426
293	RID	1294.000000	46.000000	72.000000	427
475	RIFL	1160.000000	117.000000	66.000000	428
183	RIFR	1144.013785	114.338024	80.194141	429
105	RIGL	1144.899623	115.213229	63.679721	430
126	RIGR	1100.766228	116.631360	71.710526	431
408	RIH	1262.166144	106.213166	73.708464	432
43	RIML	1199.697419	84.823154	51.661385	433
255	RIMR	1200.709351	86.755211	94.030673	434
87	RIPL	1328.303402	87.659516	59.860558	435
312	RIPR	1331.000000	77.000000	90.000000	436
420	RIR	1242.108855	99.619009	85.380991	437
232	RIS	1175.416387	105.664941	90.542492	438
391	RIVL	1213.000000	51.000000	60.000000	439
259	RIVR	1187.617964	54.488465	96.096278	440
416	RMDDL	1263.000000	107.000000	57.000000	441
412	RMDDR	1267.000000	110.000000	92.000000	442
40	RMDL	1277.515094	94.007233	48.953774	443
385	RMDR	1280.028660	91.000000	102.315259	444
17	RMDVL	1296.948810	76.133588	48.233273	445
265	RMDVR	1299.444444	73.782795	101.973616	446
294	RMED	1317.948187	54.974093	76.968912	447
52	RMEL	1313.638850	85.195094	53.561601	448
499	RMER	1317.000000	86.000000	97.000000	449
289	RMEV	1297.979971	115.004292	73.992847	450
14	RMGL	1126.453652	90.262640	44.437600	451
263	RMGR	1123.236836	90.636303	101.020884	452
409	SAADL	1261.870968	104.741935	66.032258	453
410	SAADR	1258.986637	105.028953	82.939866	454
99	SAAVL	1276.499245	74.369152	61.216118	455
229	SAAVR	1278.279491	71.680763	91.081399	456
182	SABD	1120.986753	111.229521	80.074074	457
150	SABVL	1170.755674	111.431206	76.549645	458
474	SABVR	1158.000000	115.000000	80.000000	459
80	SIADL	1230.485026	98.357195	56.080716	460
256	SIADR	1232.961905	104.087619	93.877333	461
59	SIAVL	1214.915089	107.157487	54.069134	462
202	SIAVR	1208.514497	106.415484	87.460827	463
34	SIBDL	1261.604298	96.351289	47.139255	464
384	SIBDR	1264.097579	96.000000	102.162632	465
94	SIBVL	1251.470272	95.778636	62.129325	466
411	SIBVR	1258.000000	96.000000	92.000000	467
83	SMBDL	1231.437071	112.649886	57.981693	468
413	SMBDR	1225.004435	112.039911	86.039911	469
422	SMBVL	1241.000000	105.000000	67.000000	470
421	SMBVR	1239.975404	107.049193	78.270561	471
63	SMDDL	1248.462134	108.607203	54.777179	472
246	SMDDR	1247.940397	109.847293	92.248539	473
41	SMDVL	1280.826249	66.152232	49.963071	474
386	SMDVR	1268.000000	58.000000	97.000000	475
490	SPH	335.200620	81.799380	61.143300	476
109	TL	216.809600	68.695815	67.849846	477
185	TR	228.791280	65.397032	84.737477	478
132	U	304.575411	81.030498	73.713128	479
333	URADL	1348.000000	70.000000	60.000000	480
315	URADR	1351.990467	56.986654	85.992374	481
335	URAVL	1337.000000	110.000000	67.000000	482
197	URAVR	1339.508076	107.233480	83.283040	483
323	URBL	1334.776905	82.964650	45.708562	484
311	URBR	1348.000000	78.120500	101.308500	485
117	URXL	1265.251975	61.815692	69.135861	486
198	URXR	1267.938500	59.894693	82.746700	487
331	URYDL	1329.000000	71.000000	54.000000	488
314	URYDR	1338.000000	64.000000	90.000000	489
328	URYVL	1337.971315	103.882072	57.626295	490
317	URYVR	1340.000000	98.000000	95.000000	491
8	V1L	983.320633	77.465807	42.255569	492
270	V1R	983.366187	79.532374	100.012950	493
31	V2L	881.621655	82.722966	46.525669	494
461	V2R	877.064985	80.884214	98.077958	495
452	V3L	771.405835	88.640679	46.960780	496
249	V3R	766.730161	82.092868	95.555867	497
454	V4L	629.190308	82.913548	47.623024	498
462	V4R	629.735576	77.266749	93.771671	499
456	V5L	484.111478	84.150729	53.855335	500
464	V5R	505.720106	74.543337	93.014906	501
459	V6L	406.800983	78.685094	51.156839	502
465	V6R	407.176887	72.039947	92.291917	503
98	VIRL	329.087565	65.710413	65.338210	504
186	VIRR	330.123270	66.711447	81.670440	505
550	VL1	1470.000000	96.000000	48.000000	506
55	VL10	1037.898369	110.308157	54.969331	507
552	VL11	946.000000	107.000000	62.000000	508
67	VL12	902.684004	103.083579	57.381093	509
519	VL13	836.705619	106.151127	58.820778	510
518	VL14	788.812639	103.872182	56.946173	511
95	VL15	761.399022	103.541338	62.713474	512
517	VL16	622.063071	95.804024	58.383835	513
553	VL17	504.427672	98.959989	64.978036	514
554	VL18	399.746408	95.587601	61.922236	515
488	VL19	252.000000	82.000000	72.000000	516
62	VL2	1445.838084	107.192844	54.459066	517
551	VL3	1407.664062	113.692522	59.147600	518
54	VL4	1358.333596	107.250789	53.399448	519
90	VL5	1305.204902	114.006428	58.842105	520
290	VL6	1285.427703	106.996708	52.476323	521
75	VL7	1174.853826	116.487962	56.910576	522
58	VL8	1133.274172	103.870199	51.939073	523
68	VL9	1088.408367	110.267308	56.089967	524
435	VPI1	1104.302813	62.810742	73.302813	525
51	VPI2DL	1110.265073	73.456315	54.516184	526
204	VPI2DR	1105.515243	75.114386	87.261023	527
112	VPI2V	1112.504628	98.241471	66.408358	528
436	VPI3D	1096.000000	68.000000	65.000000	529
171	VPI3V	1102.201952	93.281290	81.452694	530
549	VR1	1476.000000	91.000000	96.000000	531
546	VR10	1053.788714	111.036933	86.285339	532
545	VR11	989.012963	111.221837	81.187511	533
221	VR12	925.591850	102.961360	89.100507	534
207	VR13	880.850231	102.009231	88.016075	535
215	VR14	806.836383	99.512412	87.807211	536
188	VR15	757.622790	96.836608	84.810576	537
200	VR16	656.822881	90.229727	87.235470	538
189	VR17	597.136673	92.446154	82.514490	539
544	VR18	505.752037	92.996989	86.994155	540
206	VR19	412.457285	93.241084	86.191042	541
548	VR2	1442.720681	102.740146	87.374939	542
214	VR20	244.273597	80.382838	85.361716	543
223	VR3	1406.747430	108.831131	88.298091	544
245	VR4	1366.647673	104.513723	92.875298	545
547	VR5	1322.000000	112.000000	91.000000	546
258	VR6	1284.308157	106.638325	97.235650	547
224	VR7	1193.027572	115.901275	86.444115	548
239	VR8	1138.022860	109.397128	91.252638	549
208	VR9	1095.699702	110.352302	86.968457	550
415	W	1188.000000	117.000000	69.000000	551
322	XXXL	1350.270718	97.309392	52.000000	552
252	XXXR	1361.105476	90.351009	95.248991	553
168	YPDA	293.925901	91.894112	79.310275	554
448	Z1	735.000000	89.000000	87.000000	555
449	Z2	707.000000	82.000000	85.000000	556
450	Z3	672.000000	88.000000	65.000000	557
93	Z4	644.913032	89.416093	64.790997	558
