label_number	label_name	x	y	z	Aligned_No
239	ADAL	1177.988701	58.033898	75.050847	1
259	ADAR	1175.994401	56.989922	28.994401	2
241	ADEL	1174.987400	70.974800	73.126002	3
260	ADER	1181.000000	66.000000	34.000000	4
217	ADESHL	1116.992687	59.913848	74.156079	5
5	ADESHR	1110.157855	81.261820	29.075241	6
181	ADFL	1257.745829	89.663472	64.073127	7
280	ADFR	1261.000000	90.000000	40.000000	8
252	ADLL	1234.000000	102.000000	60.000000	9
277	ADLR	1242.000000	99.000000	47.000000	10
228	AFDL	1267.288096	86.066686	74.233402	11
263	AFDR	1271.994401	88.996641	32.988802	12
300	AIAL	1251.232406	51.302782	56.837971	13
307	AIAR	1244.070175	48.812865	48.116959	14
174	AIBL	1258.481172	72.779079	62.614505	15
269	AIBR	1260.979798	73.002245	40.984287	16
292	AIML	1195.877608	47.510431	59.265647	17
290	AIMR	1207.984287	45.991021	47.017957	18
244	AINL	1184.000000	86.000000	71.000000	19
23	AINR	1191.430999	80.122399	33.291956	20
293	AIYL	1197.000000	52.000000	66.000000	21
291	AIYR	1215.000000	50.000000	39.000000	22
249	AIZL	1196.000000	71.000000	65.000000	23
267	AIZR	1200.000000	65.000000	40.000000	24
338	ALA	1300.000000	104.000000	55.000000	25
165	ALML	836.715961	97.898231	66.155039	26
38	ALMR	887.766961	96.118027	37.188025	27
486	ALNL	263.348148	83.674074	58.814815	28
83	ALNR	258.521140	82.095917	44.270355	29
233	AMSHL	1165.867492	89.219624	76.171710	30
17	AMSHR	1170.086750	93.445292	31.056460	31
203	AMSOL	1458.575885	87.397623	67.813568	32
325	AMSOR	1476.822164	83.909770	34.860719	33
219	ARCADL	1516.447199	71.313820	73.285354	34
21	ARCADR	1497.007104	78.162917	33.293867	35
367	ARCAV	1562.000000	44.000000	57.000000	36
359	ARCPD	1534.000000	100.000000	49.000000	37
209	ARCPDL	1473.526850	83.480295	71.519705	38
55	ARCPDR	1459.138378	88.077178	38.577027	39
369	ARCPV	1533.000000	46.000000	55.000000	40
350	ARCPVL	1483.049238	61.926143	71.221571	41
324	ARCPVR	1486.078913	67.315653	34.447607	42
243	ASEL	1226.000000	84.000000	73.000000	43
16	ASER	1226.983035	82.352545	32.353474	44
184	ASGL	1224.441228	95.004678	67.339181	45
33	ASGR	1231.330869	96.437315	35.600532	46
216	ASHL	1246.263975	79.416431	72.559289	47
8	ASHR	1252.303726	79.687340	30.233793	48
152	ASIL	1213.697600	99.094720	56.967360	49
276	ASIR	1219.000000	96.000000	45.000000	50
242	ASJL	1228.000000	63.000000	71.000000	51
7	ASJR	1230.405665	61.488478	30.345175	52
253	ASKL	1257.000000	99.000000	58.000000	53
278	ASKR	1261.000000	101.000000	47.000000	54
558	AUAL	1246.000000	59.000000	73.000000	55
262	AUAR	1252.986502	61.033746	31.989876	56
229	AVAL	1286.454975	80.994749	75.929378	57
15	AVAR	1296.336298	81.549211	31.177905	58
180	AVBL	1213.489954	84.029256	64.403595	59
71	AVBR	1209.177704	84.729213	42.062914	60
227	AVDL	1205.615324	82.262445	77.101903	61
20	AVDR	1206.308511	77.228723	32.254654	62
178	AVEL	1280.397108	74.756557	63.421991	63
70	AVER	1285.250547	77.322087	41.247110	64
284	AVG	1161.000000	33.000000	51.000000	65
170	AVHL	1207.872783	98.294495	68.976758	66
264	AVHR	1215.000000	96.000000	33.000000	67
245	AVJL	1195.000000	88.761158	71.278649	68
265	AVJR	1199.972909	91.918728	32.756184	69
294	AVKL	1180.000000	52.000000	66.000000	70
59	AVKR	1183.137474	49.030615	39.573742	71
309	AVL	1241.000000	57.000000	43.000000	72
248	AWAL	1242.010124	90.020247	64.030371	73
76	AWAR	1242.691779	86.321038	41.858081	74
247	AWBL	1243.012600	95.063001	73.113402	75
27	AWBR	1249.648530	94.965604	33.385241	76
218	AWCL	1263.109351	68.547686	72.260019	77
19	AWCR	1272.766763	72.786747	32.353668	78
132	B	280.943372	63.574775	55.264350	79
343	BAGL	1344.004212	68.806258	71.306859	80
314	BAGR	1345.976314	66.011843	34.946706	81
215	BDUL	991.268036	78.782587	71.943262	82
13	BDUR	1035.221012	70.431561	32.984839	83
208	CANL	710.909473	80.251752	71.074504	84
32	CANR	782.919964	77.603622	36.211715	85
186	CCLA	750.435887	50.772508	66.368520	86
187	CCLP	712.952559	57.175394	65.933465	87
43	CCRA	1000.892350	46.163871	39.770876	88
66	CCRP	957.307710	46.047144	40.991175	89
256	CEPDL	1297.833116	97.483703	64.422425	90
272	CEPDR	1300.000000	101.000000	43.000000	91
354	CEPSHDL	1333.000000	91.000000	70.000000	92
333	CEPSHDR	1338.000000	94.000000	36.000000	93
195	CEPSHVL	1325.380038	54.049691	68.692258	94
28	CEPSHVR	1334.220871	54.451874	35.728723	95
214	CEPSODL	1379.696997	88.131635	70.458295	96
40	CEPSODR	1391.600375	88.956915	34.877927	97
192	CEPSOVL	1373.545812	47.842932	67.259948	98
320	CEPSOVR	1372.000000	49.000000	39.000000	99
345	CEPVL	1335.000000	46.000000	60.000000	100
318	CEPVR	1336.000000	46.000000	46.000000	101
109	DA1	1088.848212	39.316829	51.686672	102
130	DA2	1023.665753	37.547945	54.743309	103
550	DA3	931.091407	40.489478	53.292854	104
119	DA4	824.594939	43.295291	54.204793	105
551	DA5	701.328164	39.923697	53.997105	106
135	DA6	558.016071	46.515542	56.404948	107
552	DA7	436.000000	51.000000	57.000000	108
503	DA8	334.626708	58.947826	59.721118	109
87	DA9	325.879484	57.572029	45.696749	110
281	DB1	1120.000000	29.000000	51.000000	111
128	DB2	1208.479413	30.798646	53.407501	112
117	DB3	1046.251104	37.648133	53.590927	113
116	DB4	904.520212	40.607102	53.333963	114
110	DB5	750.142252	43.517146	53.254657	115
149	DB6	583.580507	43.456128	57.187924	116
140	DB7	461.818468	47.615320	56.269045	117
153	DD1	1135.406053	35.504474	60.566316	118
549	DD2	968.000000	40.000000	52.000000	119
133	DD3	799.959066	41.969299	55.106785	120
134	DD4	635.466697	42.697100	55.499320	121
136	DD5	489.476831	47.628870	56.182362	122
504	DD6	343.919082	63.161836	55.323671	123
493	DEP	268.000000	86.000000	53.000000	124
213	DL1	1509.134750	87.272051	69.867588	125
437	DL10	1076.091123	105.174314	64.996141	126
438	DL11	1007.172591	108.184956	61.329212	127
166	DL12	930.457689	106.235339	63.472779	128
439	DL13	862.471229	106.705318	60.069093	129
171	DL14	806.494714	104.456167	62.145154	130
440	DL15	754.971345	104.269006	58.910526	131
150	DL16	673.803851	104.064487	59.379086	132
144	DL17	594.528843	101.117926	55.551296	133
148	DL18	514.018154	98.080286	57.329072	134
143	DL19	461.916201	99.338848	55.798023	135
430	DL2	1492.496641	94.573668	66.334528	136
441	DL20	416.328258	98.413926	57.147787	137
98	DL21	238.931579	86.662243	51.696110	138
431	DL3	1449.284000	99.662750	63.694000	139
432	DL4	1403.000000	94.000000	70.000000	140
434	DL5	1321.000000	104.000000	64.000000	141
433	DL6	1319.989738	95.917902	71.071836	142
435	DL7	1183.556069	109.152495	63.487061	143
199	DL8	1146.331461	106.228383	67.815584	144
436	DL9	1102.597177	106.004627	63.160342	145
454	DR1	1518.457881	89.653428	37.680321	146
446	DR10	1091.494675	102.837728	39.252282	147
92	DR11	1023.237210	106.806708	47.767375	148
445	DR12	964.123449	103.109695	41.079168	149
444	DR13	921.439054	107.565674	47.643608	150
443	DR14	857.360965	101.741522	42.584024	151
442	DR15	800.376217	104.512484	46.683876	152
73	DR16	719.081048	100.368271	41.971562	153
72	DR17	644.983976	98.539148	41.777890	154
77	DR18	574.878278	98.750881	43.171624	155
80	DR19	492.230890	94.979117	44.494484	156
453	DR2	1477.119628	97.480062	39.923732	157
85	DR20	428.104680	94.792144	44.962225	158
84	DR21	300.972114	91.217091	43.991004	159
452	DR3	1441.379633	101.726210	42.502170	160
41	DR4	1408.253584	96.283154	34.591398	161
451	DR5	1336.643260	106.722194	42.065607	162
450	DR6	1318.231599	101.862292	38.167494	163
448	DR7	1211.617442	108.814584	48.232320	164
86	DR8	1181.561576	106.841785	45.099391	165
447	DR9	1123.601435	110.346890	44.654545	166
494	DVA	284.000000	80.000000	53.000000	167
492	DVC	257.000000	70.000000	53.000000	168
422	E1D	1503.000000	91.000000	54.000000	169
419	E1VL	1511.991597	62.292917	64.817527	170
420	E1VR	1518.015695	63.006726	39.991031	171
137	E2D	1581.108510	87.130168	53.652155	172
429	E2VL	1579.083416	59.788746	60.405232	173
427	E2VR	1587.165032	62.440777	44.669181	174
124	E3D	1451.044631	90.678992	52.444258	175
417	E3VL	1481.000000	65.000000	62.000000	176
416	E3VR	1485.000000	63.000000	42.000000	177
556	EXC	1221.000000	50.000000	55.000000	178
553	EXC/DUCT	1233.664426	56.633053	58.982633	179
196	EXC/GL/L	1135.379097	46.340387	69.009290	180
460	EXC/GL/R	1148.000000	45.000000	33.000000	181
495	F	298.548644	72.616162	52.851143	182
240	FLPL	1190.983127	72.003375	75.033746	183
261	FLPR	1193.000000	62.000000	31.000000	184
289	G1	1285.268990	34.362500	52.952404	185
387	G1AL	1158.321030	82.313586	66.864764	186
37	G1AR	1163.661512	84.935250	38.395748	187
382	G1P	1114.794462	93.343983	44.824814	188
288	G2	1258.000000	38.982659	53.826590	189
146	G2L	1108.521427	50.584512	56.763759	190
61	G2R	1108.252542	55.416465	40.326150	191
257	GLRDL	1300.000000	91.000000	59.000000	192
273	GLRDR	1305.000000	91.000000	47.000000	193
169	GLRL	1295.530378	73.951693	61.250996	194
274	GLRR	1299.589662	69.784283	42.615506	195
258	GLRVL	1297.050790	57.020316	61.010158	196
82	GLRVR	1305.097432	56.393598	45.355259	197
232	H0L	1451.726722	70.657861	75.432655	198
14	H0R	1449.364132	72.441090	30.609762	199
339	H1L	1312.546225	65.146490	77.728477	200
312	H1R	1347.422066	74.676034	29.135571	201
509	H2L	1145.379017	71.600128	78.116195	202
2	H2R	1164.762456	76.844934	25.702556	203
449	HMC	1194.000000	102.000000	53.000000	204
179	HSNL	678.757318	63.771105	69.919358	205
24	HSNR	697.346376	57.980880	34.330147	206
113	HYP101	101.683072	73.394979	51.888640	207
482	HYP102	67.413864	71.080725	51.325826	208
120	HYP11	150.905135	77.973468	56.981485	209
351	HYP1L	1439.033746	84.986502	70.010124	210
326	HYP1R	1445.558045	84.787169	31.221996	211
370	HYP1V	1522.013453	46.003363	46.986547	212
226	HYP2L	1494.427463	75.786808	74.694977	213
368	HYP2V	1548.000000	47.000000	48.000000	214
357	HYP31	1571.000000	97.000000	54.000000	215
358	HYP32	1552.000000	99.000000	56.000000	216
142	HYP4D	1626.988566	85.205365	56.091689	217
366	HYP4V1	1624.058782	51.532342	53.659821	218
118	HYP4V2	1592.423722	47.438855	52.158691	219
211	HYP5L	1576.884245	69.300927	69.843329	220
340	HYP5R	1535.257038	74.579424	34.354390	221
365	HYP6D1	1496.000000	105.000000	54.000000	222
126	HYP6D2	1462.600488	102.627031	53.011918	223
125	HYP6D3	1424.722726	104.086562	52.912888	224
127	HYP6D4	1396.142244	107.650830	53.253864	225
378	HYP6V1	1507.515986	37.185613	52.236234	226
377	HYP6V2	1457.477646	43.573831	52.266817	227
131	HYP71	204.236182	63.624217	53.689744	228
483	HYP72	181.028179	69.763675	52.502723	229
510	HYP7ABLD	1081.417102	88.662764	74.647292	230
238	HYP7ABLV	1054.006394	72.350703	75.801311	231
524	HYP7ABR3	1031.033020	87.941777	31.604084	232
522	HYP7ABRD	1083.266223	76.569460	28.665634	233
523	HYP7ABRV	1052.120928	62.549726	28.981551	234
364	HYP7D1	1361.644289	109.819639	55.592184	235
363	HYP7D2	1270.130972	112.932546	56.059022	236
511	HYP7LC1	961.390741	87.810216	73.509400	237
513	HYP7LC2	848.827810	89.565141	71.681045	238
514	HYP7LC3	740.505443	93.196952	71.097639	239
517	HYP7LC4	602.649079	91.803551	67.116310	240
519	HYP7LC5	491.701493	90.263900	66.029195	241
521	HYP7LC6	327.467807	91.133316	64.973283	242
22	HYP7RC1	954.339357	81.604084	31.896724	243
527	HYP7RC2	832.537687	84.773878	34.297794	244
530	HYP7RC3	739.320778	80.692588	32.554678	245
531	HYP7RC4	615.270674	83.011814	34.104232	246
39	HYP7RC5	482.841977	80.773337	36.782032	247
536	HYP7RC6	321.359612	84.669320	37.281748	248
376	HYP7V1	1386.410917	33.153021	52.626495	249
375	HYP7V2	1339.668000	31.986857	51.792000	250
106	HYP8	146.952133	69.938631	51.254066	251
112	HYP9	121.390179	69.313616	52.443750	252
162	I1L	1447.559103	65.459176	60.291738	253
88	I1R	1447.697171	64.144759	45.375763	254
406	I2L	1408.000000	58.000000	67.000000	255
403	I2R	1407.921087	58.684347	36.447607	256
114	I3	1382.911271	92.044664	53.099221	257
123	I4	1167.283177	96.451727	52.844688	258
100	I5	1158.033927	48.316573	50.195021	259
182	I6	1148.223838	93.951526	63.272313	260
355	IL1DL	1358.000000	95.000000	57.000000	261
335	IL1DR	1356.939925	98.180225	48.519399	262
342	IL1L	1369.000000	64.000000	71.000000	263
12	IL1R	1380.243523	70.263385	31.585204	264
346	IL1VL	1347.000000	48.000000	54.000000	265
319	IL1VR	1362.000000	45.000000	51.000000	266
176	IL2DL	1383.427499	100.602522	64.689282	267
47	IL2DR	1390.326439	100.510620	40.909167	268
348	IL2L	1386.000000	74.000000	75.000000	269
3	IL2R	1393.671760	80.153298	26.057041	270
554	IL2VL	1369.000000	40.000000	59.000000	271
316	IL2VR	1379.085006	40.198347	45.829988	272
352	ILSHDL	1429.000000	89.000000	67.000000	273
327	ILSHDR	1439.000000	88.000000	38.000000	274
210	ILSHL	1431.148905	55.680876	72.049635	275
322	ILSHR	1436.000000	61.000000	33.000000	276
374	ILSHVL	1491.039548	42.983051	56.954802	277
372	ILSHVR	1478.286426	44.942715	46.400996	278
361	ILSODL	1522.977452	99.040586	58.018038	279
96	ILSODR	1511.958542	100.207568	47.114079	280
189	ILSOL	1464.686718	59.608696	69.540600	281
31	ILSOR	1467.084158	62.894307	35.478960	282
373	ILSOVL	1514.350318	44.420382	55.210191	283
371	ILSOVR	1501.000000	45.000000	45.000000	284
163	IML	385.117774	65.424635	64.381235	285
74	IMR	389.314552	61.814552	41.584997	286
540	IND2	981.592020	95.421562	51.709338	287
542	IND3	916.941942	92.347115	53.667664	288
103	IND4	842.459103	89.239402	51.717255	289
543	IND5	760.036797	86.204142	48.493343	290
108	IND6	621.890643	83.966614	52.504429	291
99	IND7	535.725967	88.304145	50.287514	292
121	IND8	435.547380	86.329150	54.895513	293
548	IND9	373.712607	93.234438	54.010345	294
538	INDL1	1030.106719	94.009687	64.241719	295
539	INDR1	1038.325277	96.435745	42.232511	296
541	INV2	976.181514	56.116290	57.160038	297
97	INV3	897.775595	57.538760	51.770249	298
111	INV4	811.257727	57.914883	54.769971	299
544	INV5	722.144202	84.412341	58.832789	300
90	INV6	655.603751	66.775913	47.215795	301
546	INV7	565.810495	61.830650	55.741324	302
105	INV8	473.507168	60.868136	53.091561	303
547	INV9	393.153602	62.951291	53.467150	304
167	INVL1	1041.045876	53.519889	64.470697	305
537	INVR1	1041.442912	51.588506	42.326437	306
491	K	305.004405	86.013216	57.004405	307
496	K'	311.000000	80.000000	45.000000	308
488	LUAL	285.016148	78.983852	63.161476	309
69	LUAR	276.705383	76.501193	41.106338	310
54	M	563.294359	78.239804	39.093485	311
63	M1	1151.305037	93.886814	40.070175	312
161	M2L	1166.333637	61.541591	62.513965	313
388	M2R	1170.000000	65.000000	41.000000	314
160	M3L	1350.464993	66.823152	58.199442	315
395	M3R	1350.000000	66.000000	46.000000	316
394	M4	1352.797907	82.667442	51.681628	317
383	M5	1124.000000	93.000000	63.000000	318
408	MC1DL	1417.186961	77.175578	62.259055	319
407	MC1DR	1421.000000	82.000000	44.000000	320
555	MC1V	1424.000000	51.000000	50.000000	321
157	MC2DL	1189.246585	82.542907	58.442382	322
102	MC2DR	1194.107127	83.085164	47.249664	323
101	MC2V	1191.472805	64.326574	52.210162	324
191	MC3DL	1129.230999	78.880775	65.606185	325
385	MC3DR	1130.044182	84.026465	35.164917	326
89	MC3V	1123.566357	45.053664	47.932095	327
405	MCL	1399.870819	62.064591	61.919262	328
404	MCR	1409.000000	63.000000	44.000000	329
397	MI	1400.000000	94.166865	51.733015	330
396	NSML	1380.000000	59.000000	64.000000	331
60	NSMR	1386.481170	58.934820	40.858922	332
353	OLLL	1361.000000	83.000000	68.000000	333
330	OLLR	1368.000000	86.000000	38.000000	334
349	OLLSHL	1425.045067	68.180268	74.360536	335
11	OLLSHR	1419.278347	71.544202	30.065983	336
220	OLLSOL	1398.918699	83.913279	73.501084	337
328	OLLSOR	1424.102473	87.128386	35.832744	338
356	OLQDL	1341.000000	97.000000	59.000000	339
336	OLQDR	1343.336780	100.295421	47.528804	340
230	OLQSHDL	1419.529608	81.494857	75.377259	341
329	OLQSHDR	1409.647964	84.593665	29.811765	342
237	OLQSHVL	1408.401738	63.278609	77.774264	343
321	OLQSHVR	1422.000000	59.000000	33.000000	344
362	OLQSODL	1500.410839	100.183566	58.671329	345
360	OLQSODR	1487.089606	101.129032	48.260454	346
193	OLQSOVL	1449.083185	52.798123	68.927466	347
323	OLQSOVR	1450.000000	58.000000	37.000000	348
344	OLQVL	1342.000000	58.000000	64.000000	349
315	OLQVR	1352.982456	53.876706	37.452729	350
223	P1/2L	952.265442	61.548352	73.660904	351
10	P1/2R	945.228372	57.862081	32.842379	352
520	P11/12L	368.822270	72.244468	68.749108	353
44	P11/12R	360.407470	65.641766	37.584720	354
222	P3/4L	852.237312	62.032739	72.871124	355
18	P3/4R	847.270040	58.025909	33.262389	356
224	P5/6L	740.037177	63.742996	73.201688	357
528	P5/6R	745.922579	56.970482	34.774987	358
516	P7/8L	615.898612	61.207526	70.502740	359
532	P7/8R	615.571357	54.200266	36.535263	360
201	P9/10L	487.718844	62.022210	69.021329	361
51	P9/10R	485.734157	55.082548	38.856354	362
190	PHAL	298.853345	66.822257	66.304798	363
500	PHAR	293.000000	63.000000	44.000000	364
489	PHBL	299.745000	79.717500	63.338750	365
499	PHBR	292.000000	74.000000	42.000000	366
156	PHSHL	249.901330	76.201451	61.456348	367
91	PHSHR	243.531996	72.083291	45.529203	368
147	PLML	234.117108	69.891436	59.501563	369
497	PLMR	218.000000	66.000000	48.000000	370
409	PM1DL	1419.159057	87.522828	58.954345	371
410	PM1DR	1418.000000	91.000000	52.000000	372
413	PM1L	1424.000000	64.000000	66.000000	373
79	PM1R	1427.874646	70.376319	43.017246	374
412	PM1VL	1426.021689	53.021689	61.108447	375
411	PM1VR	1427.470588	56.752640	44.247360	376
424	PM2D1	1543.000000	89.000000	54.000000	377
423	PM2D2	1528.000000	90.000000	54.000000	378
428	PM2VL1	1549.247711	59.065808	61.959801	379
159	PM2VL2	1529.448074	58.977196	64.685670	380
426	PM2VR1	1557.000000	62.000000	42.000000	381
425	PM2VR2	1541.000000	62.000000	42.000000	382
418	PM3DL	1500.014403	86.633745	59.446502	383
107	PM3DR	1472.640314	88.802354	51.228425	384
415	PM3L	1463.527225	72.993044	61.976013	385
414	PM3R	1466.926524	72.015924	45.514104	386
557	PM3VL	1502.000000	58.000000	60.000000	387
421	PM3VR	1508.000000	59.000000	46.000000	388
398	PM4DL	1399.996641	88.994401	59.988802	389
402	PM4DR	1400.163265	86.715273	44.772877	390
399	PM4L	1394.919262	70.129181	66.064591	391
53	PM4R	1395.670223	72.448980	38.900742	392
400	PM4VL	1398.022119	49.079162	60.810244	393
401	PM4VR	1399.371105	50.346778	46.669227	394
392	PM5DL	1176.872796	91.127204	58.508816	395
393	PM5DR	1179.000000	89.000000	50.000000	396
391	PM5L	1176.000000	73.000000	63.000000	397
75	PM5R	1180.799882	76.344960	43.252439	398
390	PM5VL	1173.000000	57.000000	55.000000	399
389	PM5VR	1174.122392	54.755216	47.143255	400
138	PM6D	1151.587381	96.178986	52.316790	401
386	PM6VL	1149.107945	59.533973	62.307123	402
52	PM6VR	1150.512506	60.448292	40.088023	403
384	PM7D	1131.063713	96.918447	51.634189	404
158	PM7VL	1124.142489	58.744896	61.489147	405
36	PM7VR	1127.023520	64.433962	38.208839	406
95	PM8	1099.680545	63.854674	49.166012	407
487	PVCL	273.000000	69.000000	63.000000	408
78	PVCR	266.848252	67.204979	43.521451	409
506	PVPL	361.000000	61.000000	59.000000	410
505	PVPR	346.000000	59.000000	47.000000	411
175	PVQL	317.931513	74.758561	66.357824	412
45	PVQR	308.959377	68.080404	38.577563	413
484	PVR	208.000000	81.327698	51.426528	414
93	PVT	364.947537	59.311569	47.908591	415
518	QL	562.166774	73.035600	69.696761	416
30	QR	574.110300	62.268759	36.613485	417
115	REPD	318.498610	91.275127	54.038212	418
155	REPVL	334.754509	74.249324	63.112940	419
46	REPVR	329.036256	71.952512	39.560788	420
164	RIAL	1273.195370	90.045949	60.736584	421
270	RIAR	1276.948864	92.034091	42.931818	422
250	RIBL	1231.000000	74.000000	64.000000	423
268	RIBR	1242.000000	69.000000	40.000000	424
206	RICL	1202.100837	62.160751	74.102193	425
6	RICR	1209.879169	61.245173	30.508192	426
139	RID	1317.313710	107.202419	55.533602	427
151	RIFL	1175.852296	37.771419	57.985949	428
285	RIFR	1173.174941	38.321513	46.607227	429
283	RIGL	1154.966102	35.011299	60.050847	430
145	RIGR	1109.220114	35.189486	57.191314	431
298	RIH	1289.000000	49.859800	52.981402	432
202	RIML	1213.155819	69.882643	66.964990	433
68	RIMR	1221.379751	67.115796	41.152316	434
198	RIPL	1346.690003	81.611740	65.985326	435
331	RIPR	1353.000000	81.000000	39.000000	436
310	RIR	1265.002935	58.006603	43.993397	437
34	RIS	1197.804052	46.085878	35.431811	438
251	RIVL	1195.000000	95.000000	64.000000	439
275	RIVR	1201.000000	95.000000	42.000000	440
296	RMDDL	1291.064591	47.919262	67.129181	441
304	RMDDR	1294.110852	45.889148	37.844807	442
246	RMDL	1296.000000	64.000000	71.000000	443
25	RMDR	1304.041549	64.575700	32.433743	444
236	RMDVL	1307.420917	78.968573	77.303194	445
9	RMDVR	1315.169606	83.227438	30.469139	446
337	RMED	1332.343133	106.448675	52.258795	447
207	RMEL	1331.067354	76.023362	70.040049	448
332	RMER	1337.000000	82.000000	36.000000	449
347	RMEV	1322.000000	40.000000	54.000000	450
231	RMGL	1161.454457	59.663833	75.793053	451
1	RMGR	1157.243786	60.353011	27.300669	452
297	SAADL	1286.817701	53.273448	59.638045	453
305	SAADR	1289.000000	51.000000	45.000000	454
255	SAAVL	1291.000000	87.000000	67.000000	455
271	SAAVR	1300.719745	88.859873	39.509554	456
282	SABD	1147.000000	34.000000	45.000000	457
287	SABVL	1191.942857	36.022857	54.897143	458
286	SABVR	1188.815558	36.000000	46.508156	459
301	SIADL	1250.006726	54.993274	62.983184	460
308	SIADR	1257.000000	51.000000	35.000000	461
177	SIAVL	1237.065534	42.543150	65.539644	462
58	SIAVR	1235.185400	42.440440	39.207086	463
205	SIBDL	1279.915584	62.077922	71.412338	464
266	SIBDR	1289.000000	63.000000	35.000000	465
302	SIBVL	1271.100671	55.295302	64.302013	466
311	SIBVR	1278.000000	56.000000	40.000000	467
295	SMBDL	1258.000000	40.000000	64.000000	468
303	SMBDR	1255.000000	40.000000	40.000000	469
299	SMBVL	1268.427230	50.605634	58.031299	470
306	SMBVR	1271.074032	47.952164	46.977221	471
185	SMDDL	1276.282893	39.500760	65.764509	472
48	SMDDR	1275.827112	39.246365	37.910413	473
221	SMDVL	1278.613912	95.062915	70.921063	474
42	SMDVR	1289.255439	95.621273	35.826350	475
490	SPH	355.703030	74.127273	62.787879	476
485	TL	213.726253	75.032579	60.770044	477
498	TR	223.849239	80.587367	46.335178	478
502	U	321.000000	66.000000	56.000000	479
183	URADL	1367.642482	96.980302	65.262968	480
64	URADR	1370.655820	96.720901	41.520964	481
194	URAVL	1352.447819	45.405493	64.728918	482
317	URAVR	1352.958951	44.989738	44.928164	483
341	URBL	1359.921087	75.447607	72.315653	484
313	URBR	1371.287617	81.616511	31.424767	485
254	URXL	1281.977401	100.005650	59.056497	486
279	URXR	1286.000000	99.000000	49.000000	487
204	URYDL	1351.139475	94.743432	68.320791	488
334	URYDR	1353.972696	96.990899	38.908987	489
188	URYVL	1357.981852	56.237158	68.761919	490
29	URYVR	1365.975963	63.160440	35.122213	491
235	V1L	1015.501881	77.000538	76.372872	492
525	V1R	1009.479361	71.247459	31.604854	493
512	V2L	907.117357	71.577445	72.602819	494
526	V2R	894.742381	63.946809	32.591144	495
225	V3L	789.093377	69.901987	73.113742	496
26	V3R	789.067449	62.423005	34.223631	497
515	V4L	652.913339	71.323366	71.344136	498
545	V4R	663.000000	64.000000	32.000000	499
197	V5L	515.934118	71.010892	67.902846	500
533	V5R	514.651064	62.783980	37.523905	501
212	V6L	438.925530	74.456683	70.281769	502
534	V6R	429.634659	66.934461	36.206219	503
122	VIRL	342.182917	87.787581	55.356842	504
535	VIRR	340.273448	81.817701	43.638045	505
481	VL1	1511.500000	54.000000	70.000000	506
475	VL10	1076.551846	44.737526	67.048229	507
474	VL11	965.938316	37.938316	61.277580	508
473	VL12	917.486711	47.468812	66.077201	509
472	VL13	856.804572	40.927979	60.838560	510
471	VL14	788.902821	48.351293	65.640674	511
470	VL15	727.188946	47.113126	60.327979	512
469	VL16	642.466655	52.365549	65.476106	513
154	VL17	520.777596	49.791496	61.329027	514
468	VL18	429.674436	55.096929	64.479467	515
168	VL19	257.171840	60.023215	62.105980	516
480	VL2	1475.566330	45.607079	65.109756	517
479	VL3	1444.794701	40.940112	63.406290	518
478	VL4	1397.000000	45.000000	71.000000	519
172	VL5	1326.866510	34.004230	63.893067	520
200	VL6	1309.075952	45.261752	69.690995	521
477	VL7	1201.648879	34.833511	64.691035	522
476	VL8	1159.008984	42.450309	69.002527	523
173	VL9	1092.440570	41.008595	64.213654	524
381	VPI1	1096.000000	97.000000	53.000000	525
380	VPI2DL	1096.000000	86.000000	65.000000	526
62	VPI2DR	1096.656956	86.393615	40.203682	527
104	VPI2V	1091.212285	55.024929	54.514778	528
379	VPI3D	1085.000000	91.000000	54.000000	529
94	VPI3V	1085.429708	64.708223	55.782493	530
35	VR1	1491.243665	53.417910	34.545297	531
49	VR10	1083.000775	41.831106	38.860546	532
461	VR11	1009.158255	36.090690	43.522622	533
50	VR12	935.866421	44.624661	39.234005	534
462	VR13	890.144273	43.378065	41.513436	535
463	VR14	822.085059	44.702721	39.989218	536
464	VR15	765.078563	47.026188	42.100262	537
67	VR16	680.481854	48.942750	41.488840	538
81	VR17	584.455196	49.410689	44.387840	539
465	VR18	520.053689	47.607455	44.241448	540
466	VR19	426.257837	51.634535	45.450444	541
455	VR2	1467.571146	48.121822	37.190822	542
467	VR20	251.914917	59.220786	47.582929	543
456	VR3	1436.870056	42.161331	39.229546	544
457	VR4	1398.602299	48.015517	32.497701	545
65	VR5	1332.920243	38.049968	38.494875	546
458	VR6	1315.910261	49.220483	32.998019	547
56	VR7	1218.000295	36.088574	40.028639	548
459	VR8	1161.000000	38.000000	35.000000	549
57	VR9	1107.461509	38.212139	39.668800	550
129	W	1227.344298	36.119088	54.391597	551
234	XXXL	1386.322025	60.812405	76.394937	552
4	XXXR	1395.648456	65.331354	27.952494	553
501	YPDA	311.195122	53.862740	55.515568	554
529	Z1	735.000000	53.000000	43.000000	555
508	Z2	708.700056	56.403178	45.442052	556
507	Z3	678.638179	57.674820	55.801717	557
141	Z4	658.220689	56.787128	59.541493	558
