label_number	label_name	x	y	z	Aligned_No
323	ADAL	1136.000000	57.000000	92.000000	1
356	ADAR	1140.000000	48.000000	40.000000	2
324	ADEL	1143.000000	69.000000	92.000000	3
357	ADER	1153.000000	56.000000	40.000000	4
321	ADESHL	1098.000000	61.000000	90.000000	5
354	ADESHR	1085.000000	53.000000	42.000000	6
344	ADFL	1237.000000	86.000000	87.000000	7
377	ADFR	1238.000000	86.000000	45.000000	8
400	ADLL	1212.000000	96.000000	76.000000	9
395	ADLR	1210.000000	94.000000	59.000000	10
337	AFDL	1248.994401	76.005599	93.010078	11
373	AFDR	1246.984287	71.008979	41.982043	12
425	AIAL	1218.945665	51.089017	77.876301	13
424	AIAR	1215.000000	50.000000	66.000000	14
350	AIBL	1233.000000	70.000000	84.000000	15
383	AIBR	1234.000000	67.000000	50.000000	16
432	AIML	1171.000000	47.000000	77.000000	17
435	AIMR	1185.063001	49.987400	63.113402	18
328	AINL	1147.000000	86.000000	94.000000	19
365	AINR	1161.000000	77.000000	39.000000	20
433	AIYL	1165.000000	53.000000	87.000000	21
436	AIYR	1172.000000	46.000000	63.000000	22
352	AIZL	1174.000000	68.000000	88.000000	23
386	AIZR	1175.000000	63.000000	49.000000	24
388	ALA	1262.000000	104.000000	67.000000	25
21	ALML	834.000000	96.000000	81.000000	26
25	ALMR	813.000000	73.000000	44.000000	27
175	ALNL	277.000000	76.000000	74.000000	28
186	ALNR	279.000000	78.000000	58.000000	29
311	AMSHL	1084.000000	84.000000	87.000000	30
316	AMSHR	1086.000000	77.000000	35.000000	31
530	AMSOL	1435.000000	79.000000	90.000000	32
546	AMSOR	1442.000000	84.000000	43.000000	33
558	ARCADL	1531.000000	84.000000	80.000000	34
544	ARCADR	1521.000000	71.000000	43.000000	35
477	ARCAV	1496.000000	45.000000	68.000000	36
458	ARCPD	1500.000000	98.000000	61.000000	37
531	ARCPDL	1445.000000	84.000000	83.000000	38
547	ARCPDR	1429.000000	85.000000	49.000000	39
478	ARCPV	1475.000000	45.000000	66.000000	40
536	ARCPVL	1442.000000	67.000000	88.000000	41
545	ARCPVR	1469.000000	79.000000	42.000000	42
331	ASEL	1199.000000	82.000000	96.000000	43
362	ASER	1200.000000	74.000000	41.000000	44
341	ASGL	1203.000000	91.000000	87.000000	45
368	ASGR	1208.000000	90.000000	46.000000	46
332	ASHL	1224.000000	78.000000	96.000000	47
363	ASHR	1225.000000	72.000000	41.000000	48
401	ASIL	1191.000000	93.000000	77.000000	49
396	ASIR	1184.000000	91.000000	54.000000	50
330	ASJL	1200.000000	63.000000	96.000000	51
361	ASJR	1203.000000	53.000000	43.000000	52
399	ASKL	1235.000000	95.000000	77.000000	53
394	ASKR	1237.000000	95.000000	59.000000	54
333	AUAL	1219.989876	62.013498	96.033746	55
364	AUAR	1221.039489	54.138211	41.861789	56
338	AVAL	1264.000000	71.000000	93.000000	57
374	AVAR	1266.000000	69.000000	42.000000	58
348	AVBL	1186.000000	81.000000	85.000000	59
381	AVBR	1202.000000	79.000000	52.000000	60
327	AVDL	1174.000000	78.000000	96.000000	61
360	AVDR	1176.030842	68.154211	40.753262	62
349	AVEL	1253.976378	71.023622	84.016873	63
382	AVER	1254.000000	67.000000	50.000000	64
446	AVG	1133.000000	30.000000	65.000000	65
340	AVHL	1183.000000	94.000000	90.000000	66
367	AVHR	1191.000000	89.000000	44.000000	67
329	AVJL	1165.989842	85.949210	91.020316	68
366	AVJR	1172.000000	85.000000	39.000000	69
434	AVKL	1151.000000	47.000000	84.000000	70
438	AVKR	1164.000000	45.000000	52.000000	71
418	AVL	1215.000000	54.188264	57.623472	72
347	AWAL	1218.000000	80.000000	84.000000	73
380	AWAR	1225.000000	83.000000	53.000000	74
342	AWBL	1222.000000	91.000000	90.000000	75
369	AWBR	1221.926143	85.049238	43.778429	76
334	AWCL	1236.000000	65.000000	96.000000	77
370	AWCR	1237.000000	60.000000	40.000000	78
197	B	301.000000	54.000000	66.000000	79
484	BAGL	1310.000000	62.000000	91.000000	80
495	BAGR	1311.996644	60.995526	42.996644	81
20	BDUL	1012.000000	73.000000	87.000000	82
24	BDUR	999.000000	64.000000	41.000000	83
22	CANL	728.000000	71.000000	83.000000	84
26	CANR	759.000000	63.000000	39.000000	85
118	CCLA	761.000000	41.000000	73.000000	86
117	CCLP	739.000000	47.000000	78.000000	87
137	CCRA	988.993281	42.007839	48.992161	88
136	CCRP	956.000000	41.000000	55.000000	89
391	CEPDL	1260.000000	98.000000	79.000000	90
392	CEPDR	1270.000000	96.000000	53.000000	91
481	CEPSHDL	1296.964120	77.143519	92.107639	92
499	CEPSHDR	1304.000000	81.000000	44.000000	93
486	CEPSHVL	1292.000000	58.000000	88.000000	94
500	CEPSHVR	1295.000000	49.000000	49.000000	95
515	CEPSODL	1354.000000	83.000000	92.000000	96
517	CEPSODR	1351.000000	81.000000	45.000000	97
526	CEPSOVL	1326.000000	41.000000	74.000000	98
528	CEPSOVR	1336.000000	46.000000	48.000000	99
519	CEPVL	1294.000000	41.000000	70.000000	100
520	CEPVR	1295.000000	41.000000	59.000000	101
452	DA1	1089.000000	34.000000	67.000000	102
14	DA2	1003.000000	36.000000	68.000000	103
12	DA3	922.000000	37.000000	69.000000	104
10	DA4	829.000000	37.000000	68.000000	105
7	DA5	702.000000	34.000000	63.000000	106
4	DA6	557.000000	48.000000	66.000000	107
1	DA7	438.000000	42.000000	68.000000	108
205	DA8	348.000000	45.000000	72.000000	109
207	DA9	346.000000	47.000000	59.000000	110
449	DB1	1113.006719	26.004479	67.010078	111
441	DB2	1176.000000	31.000000	70.000000	112
15	DB3	1029.000000	32.000000	69.000000	113
11	DB4	896.000000	38.000000	69.000000	114
8	DB5	731.000000	35.000000	63.000000	115
5	DB6	580.000000	45.000000	65.000000	116
2	DB7	461.000000	45.000000	68.000000	117
450	DD1	1119.000000	33.000000	75.000000	118
13	DD2	964.000000	37.000000	66.000000	119
9	DD3	805.000000	36.000000	69.000000	120
6	DD4	621.000000	42.000000	65.000000	121
3	DD5	498.000000	49.000000	69.000000	122
204	DD6	357.000000	51.000000	66.000000	123
200	DEP	292.000000	80.000000	66.000000	124
95	DL1	1479.000000	85.000000	83.000000	125
153	DL10	1040.000000	100.000000	76.000000	126
152	DL11	959.000000	101.000000	76.000000	127
151	DL12	915.000000	100.000000	76.000000	128
150	DL13	848.000000	104.000000	72.000000	129
149	DL14	779.000000	97.000000	73.000000	130
148	DL15	743.000000	96.000000	69.000000	131
147	DL16	660.000000	96.000000	74.000000	132
146	DL17	592.000000	99.000000	74.000000	133
145	DL18	510.000000	98.000000	78.000000	134
144	DL19	443.000000	91.000000	75.000000	135
96	DL2	1459.273448	94.817701	81.638045	136
143	DL20	401.000000	88.000000	76.000000	137
201	DL21	261.000000	81.000000	66.000000	138
97	DL3	1419.000000	98.000000	81.000000	139
98	DL4	1368.004479	94.006719	85.010078	140
99	DL5	1291.980256	99.157956	80.881533	141
100	DL6	1293.000000	91.000000	87.000000	142
156	DL7	1168.000000	105.000000	77.000000	143
155	DL8	1110.000000	105.000000	78.000000	144
154	DL9	1074.000000	102.000000	71.000000	145
107	DR1	1475.000000	92.000000	48.000000	146
167	DR10	1053.000000	94.000000	44.000000	147
166	DR11	992.000000	101.000000	55.000000	148
165	DR12	925.000000	94.000000	45.000000	149
164	DR13	877.000000	100.000000	50.000000	150
163	DR14	817.000000	95.000000	45.000000	151
162	DR15	770.000000	98.000000	52.000000	152
161	DR16	696.000000	95.000000	48.000000	153
160	DR17	640.000000	97.000000	53.000000	154
159	DR18	573.000000	100.000000	55.000000	155
158	DR19	484.000000	96.000000	58.000000	156
108	DR2	1442.990899	96.972696	50.908987	157
157	DR20	411.000000	87.000000	54.000000	158
194	DR21	326.000000	84.000000	57.000000	159
109	DR3	1404.000000	100.000000	55.000000	160
110	DR4	1351.004673	91.209112	44.989486	161
111	DR5	1305.000000	96.000000	51.000000	162
112	DR6	1284.000000	91.000000	44.000000	163
170	DR7	1186.000000	103.000000	57.000000	164
169	DR8	1145.000000	105.000000	49.000000	165
168	DR9	1084.000000	101.000000	48.000000	166
198	DVA	309.000000	73.000000	66.000000	167
199	DVC	287.000000	66.000000	63.000000	168
295	E1D	1475.000000	89.000000	66.000000	169
288	E1VL	1482.000000	61.000000	76.000000	170
304	E1VR	1483.000000	64.000000	54.000000	171
298	E2D	1539.021689	83.891553	65.978311	172
291	E2VL	1534.000000	60.000000	75.000000	173
307	E2VR	1535.000000	60.000000	53.000000	174
294	E3D	1411.000000	87.000000	67.000000	175
287	E3VL	1449.000000	62.000000	78.000000	176
303	E3VR	1451.000000	62.000000	55.000000	177
431	EXC	1190.000000	52.000000	77.000000	178
426	EXC/DUCT	1206.000000	58.000000	78.000000	179
127	EXC/GL/L	1097.000000	50.000000	84.000000	180
439	EXC/GL/R	1145.000000	39.000000	54.000000	181
196	F	322.000000	66.000000	67.000000	182
326	FLPL	1156.000000	72.000000	96.000000	183
358	FLPR	1165.000000	55.000000	40.000000	184
403	G1	1234.000000	31.000000	71.000000	185
245	G1AL	1149.778990	83.773533	82.221010	186
246	G1AR	1153.000000	78.000000	48.000000	187
231	G1P	1099.000000	84.000000	49.000000	188
404	G2	1219.000000	38.000000	74.000000	189
229	G2L	1099.000000	53.000000	72.000000	190
230	G2R	1099.000000	50.000000	55.000000	191
390	GLRDL	1270.000000	86.000000	74.000000	192
389	GLRDR	1273.000000	86.000000	59.000000	193
406	GLRL	1261.000000	64.000000	79.000000	194
408	GLRR	1261.000000	57.000000	54.000000	195
405	GLRVL	1261.000000	54.733728	75.911243	196
407	GLRVR	1263.039489	49.861789	61.138211	197
318	H0L	1408.000000	69.000000	94.000000	198
320	H0R	1413.000000	71.000000	37.000000	199
317	H1L	1283.000000	61.000000	98.000000	200
319	H1R	1313.009101	64.027304	32.908987	201
308	H2L	1121.000000	78.000000	94.000000	202
315	H2R	1136.000000	66.000000	34.000000	203
171	HMC	1175.000000	101.000000	67.000000	204
23	HSNL	663.000000	55.000000	82.000000	205
27	HSNR	673.000000	48.000000	42.000000	206
219	HYP101	126.000000	71.000000	61.000000	207
220	HYP102	99.000000	69.000000	64.000000	208
221	HYP11	169.000000	76.000000	66.000000	209
532	HYP1L	1421.000000	85.000000	84.000000	210
548	HYP1R	1408.000000	86.000000	46.000000	211
474	HYP1V	1494.000000	46.000000	57.000000	212
529	HYP2L	1460.000000	73.000000	90.000000	213
473	HYP2V	1517.000000	45.000000	64.000000	214
456	HYP31	1537.000000	94.000000	68.000000	215
457	HYP32	1520.000000	95.000000	72.000000	216
453	HYP4D	1584.000000	85.000000	69.000000	217
454	HYP4V1	1577.000000	47.000000	63.000000	218
455	HYP4V2	1548.000000	44.000000	63.000000	219
542	HYP5L	1513.000000	72.000000	86.000000	220
543	HYP5R	1512.000000	82.000000	45.000000	221
463	HYP6D1	1491.000000	103.000000	70.000000	222
464	HYP6D2	1442.000000	104.000000	68.000000	223
465	HYP6D3	1401.000000	101.000000	68.000000	224
466	HYP6D4	1376.000000	103.000000	68.000000	225
469	HYP6V1	1470.899061	36.798122	61.899061	226
470	HYP6V2	1388.000000	35.000000	63.000000	227
215	HYP71	225.000000	55.000000	63.000000	228
216	HYP72	203.000000	60.000000	62.000000	229
310	HYP7ABLD	1045.000000	81.000000	91.000000	230
309	HYP7ABLV	1054.000000	64.000000	94.000000	231
312	HYP7ABR3	1016.000000	67.000000	37.000000	232
314	HYP7ABRD	1065.000000	59.000000	34.000000	233
313	HYP7ABRV	1045.000000	56.000000	37.000000	234
467	HYP7D1	1329.000000	100.000000	68.000000	235
468	HYP7D2	1204.000000	106.000000	68.000000	236
50	HYP7LC1	957.000000	84.000000	89.000000	237
53	HYP7LC2	851.000000	87.000000	89.000000	238
56	HYP7LC3	758.000000	83.000000	83.000000	239
59	HYP7LC4	605.000000	83.000000	84.000000	240
63	HYP7LC5	458.000000	78.000000	85.000000	241
67	HYP7LC6	319.000000	78.000000	82.000000	242
70	HYP7RC1	948.000000	77.000000	39.000000	243
73	HYP7RC2	842.000000	76.000000	39.000000	244
76	HYP7RC3	724.000000	71.000000	35.000000	245
85	HYP7RC4	598.000000	80.000000	42.000000	246
83	HYP7RC5	471.000000	79.000000	48.000000	247
80	HYP7RC6	341.000000	80.000000	49.000000	248
471	HYP7V1	1340.889578	32.668734	66.668734	249
472	HYP7V2	1299.005599	30.988802	66.996641	250
217	HYP8	172.000000	64.000000	62.000000	251
218	HYP9	141.000000	66.000000	62.000000	252
285	I1L	1412.000000	62.000000	77.000000	253
301	I1R	1415.010124	63.013498	56.033746	254
274	I2L	1378.000000	57.000000	82.000000	255
275	I2R	1382.000000	58.000000	51.000000	256
262	I3	1346.000000	86.000000	67.000000	257
247	I4	1157.000000	94.000000	66.000000	258
244	I5	1142.000000	47.000000	66.000000	259
239	I6	1137.000000	91.000000	78.000000	260
513	IL1DL	1328.000000	88.000000	73.000000	261
512	IL1DR	1328.000000	86.000000	60.000000	262
489	IL1L	1330.000000	66.937783	86.024887	263
503	IL1R	1345.000000	61.000000	44.000000	264
522	IL1VL	1306.986502	40.989876	64.966254	265
523	IL1VR	1325.994166	41.001167	63.787631	266
514	IL2DL	1348.787879	86.127273	84.703030	267
516	IL2DR	1347.000000	97.000000	54.000000	268
483	IL2L	1345.000000	72.000000	93.000000	269
497	IL2R	1359.000000	71.000000	38.000000	270
525	IL2VL	1343.000000	39.000000	73.000000	271
527	IL2VR	1336.000000	39.000000	58.000000	272
533	ILSHDL	1405.000000	85.000000	85.000000	273
551	ILSHDR	1395.000000	86.000000	47.000000	274
539	ILSHL	1387.000000	62.000000	91.000000	275
554	ILSHR	1412.000000	59.000000	46.000000	276
480	ILSHVL	1435.000000	44.000000	69.000000	277
476	ILSHVR	1441.040770	45.006795	59.938845	278
461	ILSODL	1482.931818	96.948864	74.034091	279
459	ILSODR	1472.000000	100.000000	61.000000	280
537	ILSOL	1422.000000	60.000000	87.000000	281
552	ILSOR	1450.000000	69.000000	43.000000	282
479	ILSOVL	1454.000000	42.000000	66.000000	283
475	ILSOVR	1460.051136	46.034091	57.931818	284
66	IML	385.000000	51.000000	77.000000	285
79	IMR	399.000000	54.000000	49.000000	286
32	IND2	960.000000	90.000000	58.000000	287
34	IND3	901.000000	94.000000	63.000000	288
36	IND4	826.000000	90.000000	64.000000	289
38	IND5	750.000000	80.000000	51.000000	290
41	IND6	626.000000	83.000000	67.000000	291
43	IND7	535.000000	92.000000	65.000000	292
45	IND8	427.000000	81.000000	63.000000	293
47	IND9	381.000000	80.000000	74.000000	294
29	INDL1	1015.000000	93.000000	75.000000	295
31	INDR1	1004.000000	84.000000	52.000000	296
33	INV2	958.000000	52.000000	72.000000	297
35	INV3	885.000000	54.000000	64.000000	298
37	INV4	805.000000	53.000000	64.000000	299
39	INV5	716.000000	70.000000	69.000000	300
40	INV6	661.000000	69.000000	55.000000	301
42	INV7	564.000000	67.000000	67.000000	302
44	INV8	461.000000	61.000000	63.000000	303
46	INV9	394.000000	55.000000	63.000000	304
28	INVL1	1012.000000	52.000000	79.000000	305
30	INVR1	1019.000000	51.000000	55.000000	306
183	K	327.920000	75.942857	74.068571	307
193	K'	332.010090	73.983184	57.000000	308
177	LUAL	294.000000	73.000000	76.000000	309
188	LUAR	299.000000	76.000000	53.000000	310
84	M	567.000000	77.000000	51.000000	311
240	M1	1144.000000	89.000000	52.000000	312
248	M2L	1154.000000	64.000000	81.000000	313
249	M2R	1157.000000	61.000000	52.000000	314
260	M3L	1329.000000	56.000000	75.000000	315
261	M3R	1327.000000	54.000000	58.000000	316
259	M4	1323.000000	76.000000	68.000000	317
232	M5	1110.000000	92.000000	75.000000	318
282	MC1DL	1388.988701	79.966102	78.949153	319
279	MC1DR	1385.056671	81.858323	54.773318	320
276	MC1V	1383.954494	46.954494	67.072810	321
257	MC2DL	1182.962199	80.021764	74.928981	322
258	MC2DR	1189.000000	79.000000	60.000000	323
256	MC2V	1182.976163	60.920545	66.984109	324
237	MC3DL	1112.000000	81.000000	82.000000	325
238	MC3DR	1118.000000	78.000000	45.000000	326
236	MC3V	1115.000000	45.000000	63.000000	327
273	MCL	1378.000000	62.063001	72.886598	328
272	MCR	1375.948864	62.034091	59.068182	329
265	MI	1359.776398	89.125466	67.088199	330
263	NSML	1354.000000	57.000000	78.000000	331
264	NSMR	1359.000000	60.000000	54.000000	332
492	OLLL	1330.000000	77.000000	82.000000	333
506	OLLR	1332.000000	73.000000	48.000000	334
540	OLLSHL	1367.000000	64.000000	92.000000	335
556	OLLSHR	1387.000000	68.000000	38.000000	336
534	OLLSOL	1391.000000	86.000000	88.000000	337
550	OLLSOR	1371.000000	83.000000	43.000000	338
510	OLQDL	1310.000000	91.000000	74.000000	339
511	OLQDR	1314.000000	91.000000	59.000000	340
535	OLQSHDL	1371.000000	81.000000	95.000000	341
549	OLQSHDR	1382.000000	80.000000	38.000000	342
541	OLQSHVL	1351.000000	62.000000	90.000000	343
555	OLQSHVR	1396.000000	59.000000	46.000000	344
462	OLQSODL	1456.000000	97.000000	74.000000	345
460	OLQSODR	1444.140127	99.719745	60.509554	346
538	OLQSOVL	1407.000000	56.000000	87.000000	347
553	OLQSOVR	1429.000000	64.000000	45.000000	348
487	OLQVL	1310.000000	55.000000	81.000000	349
501	OLQVR	1315.980256	51.157956	48.881533	350
49	P1/2L	936.000000	57.000000	91.000000	351
69	P1/2R	936.000000	49.000000	41.000000	352
65	P11/12L	370.057143	53.920000	85.068571	353
78	P11/12R	367.000000	54.000000	46.000000	354
52	P3/4L	840.000000	62.000000	89.000000	355
72	P3/4R	839.000000	51.000000	42.000000	356
55	P5/6L	715.000000	53.000000	86.000000	357
75	P5/6R	731.000000	48.000000	38.000000	358
58	P7/8L	592.000000	60.000000	83.000000	359
88	P7/8R	605.000000	57.000000	42.000000	360
62	P9/10L	480.000000	62.000000	85.000000	361
82	P9/10R	488.000000	58.000000	49.000000	362
179	PHAL	311.000000	57.000000	78.000000	363
190	PHAR	309.000000	57.000000	54.000000	364
178	PHBL	304.959230	66.061155	79.006795	365
189	PHBR	313.000000	69.000000	53.000000	366
174	PHSHL	265.982659	65.000000	71.173410	367
185	PHSHR	267.000000	65.000000	61.000000	368
173	PLML	214.000000	67.000000	70.000000	369
184	PLMR	242.000000	61.000000	61.000000	370
281	PM1DL	1375.000000	89.000000	67.000000	371
280	PM1DR	1383.323671	86.919082	62.838164	372
283	PM1L	1393.000000	69.000000	79.000000	373
278	PM1R	1394.000000	74.000000	54.000000	374
284	PM1VL	1390.983127	54.026997	75.020247	375
277	PM1VR	1389.000000	52.000000	59.000000	376
297	PM2D1	1512.000000	85.000000	66.000000	377
296	PM2D2	1493.000000	87.000000	66.000000	378
290	PM2VL1	1517.000000	61.000000	76.000000	379
289	PM2VL2	1502.000000	61.000000	76.000000	380
306	PM2VR1	1513.000000	62.000000	52.000000	381
305	PM2VR2	1499.000000	64.000000	52.000000	382
293	PM3DL	1457.000000	85.000000	72.000000	383
299	PM3DR	1423.000000	86.000000	62.000000	384
286	PM3L	1428.000000	71.000000	78.000000	385
302	PM3R	1427.000000	71.000000	55.000000	386
292	PM3VL	1461.000000	57.000000	72.000000	387
300	PM3VR	1464.000000	59.000000	60.000000	388
266	PM4DL	1364.000000	88.000000	76.000000	389
267	PM4DR	1364.000000	86.000000	59.000000	390
268	PM4L	1367.000000	69.000000	81.000000	391
269	PM4R	1366.987400	69.063001	50.113402	392
270	PM4VL	1367.000000	47.000000	74.000000	393
271	PM4VR	1365.000000	47.000000	57.000000	394
254	PM5DL	1167.000000	89.000000	74.000000	395
255	PM5DR	1169.000000	87.000000	58.000000	396
252	PM5L	1163.000000	76.000000	79.000000	397
253	PM5R	1167.000000	73.000000	53.000000	398
250	PM5VL	1156.922984	56.000000	72.346570	399
251	PM5VR	1159.000000	56.000000	63.000000	400
241	PM6D	1141.000000	94.000000	64.000000	401
242	PM6VL	1136.000000	64.000000	78.000000	402
243	PM6VR	1141.000000	59.000000	50.000000	403
233	PM7D	1116.000000	97.000000	62.000000	404
234	PM7VL	1113.000000	60.000000	79.000000	405
235	PM7VR	1117.000000	56.000000	47.000000	406
228	PM8	1089.000000	57.000000	61.000000	407
176	PVCL	283.000000	63.000000	75.000000	408
187	PVCR	289.244784	64.877608	55.143255	409
206	PVPL	369.000000	44.000000	72.000000	410
208	PVPR	366.000000	52.000000	58.000000	411
180	PVQL	325.000000	62.000000	80.000000	412
191	PVQR	325.000000	59.000000	52.000000	413
214	PVR	225.000000	77.000000	63.000000	414
209	PVT	381.000000	46.000000	62.000000	415
60	QL	553.000000	81.000000	84.000000	416
86	QR	633.000000	76.000000	41.000000	417
195	REPD	335.000000	81.000000	68.000000	418
181	REPVL	344.000000	63.000000	79.000000	419
192	REPVR	347.000000	63.000000	52.000000	420
346	RIAL	1248.000000	85.000000	80.000000	421
379	RIAR	1250.000000	82.000000	52.000000	422
351	RIBL	1204.000000	73.000000	87.000000	423
384	RIBR	1213.000000	66.000000	50.000000	424
325	RICL	1167.003363	61.013453	95.013453	425
359	RICR	1182.000000	55.000000	41.000000	426
387	RID	1284.000000	103.000000	67.000000	427
445	RIFL	1148.000000	35.000000	76.000000	428
444	RIFR	1147.000000	32.000000	64.000000	429
447	RIGL	1134.000000	34.000000	76.000000	430
451	RIGR	1102.000000	32.000000	73.000000	431
409	RIH	1244.786546	49.011643	69.138422	432
353	RIML	1186.000000	70.000000	92.000000	433
385	RIMR	1193.000000	63.000000	49.000000	434
491	RIPL	1313.000000	73.000000	82.000000	435
505	RIPR	1318.000000	69.000000	49.000000	436
417	RIR	1233.000000	54.000000	59.000000	437
437	RIS	1180.000000	51.000000	54.000000	438
402	RIVL	1168.000000	96.000000	87.000000	439
397	RIVR	1182.000000	79.000000	47.000000	440
412	RMDDL	1253.000000	47.000000	86.000000	441
419	RMDDR	1251.000000	42.000000	54.000000	442
336	RMDL	1262.000000	57.000000	92.000000	443
372	RMDR	1264.000000	54.000000	43.000000	444
339	RMDVL	1279.000000	75.000000	93.000000	445
375	RMDVR	1284.000000	70.000000	40.000000	446
509	RMED	1306.680982	94.147239	64.153374	447
485	RMEL	1299.000000	69.000000	86.000000	448
498	RMER	1302.000000	69.000000	44.000000	449
518	RMEV	1277.000000	36.000000	67.000000	450
322	RMGL	1117.000000	60.000000	90.000000	451
355	RMGR	1121.000000	48.000000	39.000000	452
411	SAADL	1249.940767	50.059233	76.822300	453
410	SAADR	1245.870740	48.155112	60.155112	454
345	SAAVL	1265.935409	80.919262	82.129181	455
378	SAAVR	1268.000000	77.000000	51.000000	456
448	SABD	1112.010262	32.075257	57.938426	457
442	SABVL	1165.078978	32.019744	77.177700	458
443	SABVR	1160.959230	31.061155	67.993205	459
428	SIADL	1223.000000	58.000000	86.000000	460
422	SIADR	1219.000000	47.000000	49.000000	461
429	SIAVL	1206.000000	49.000000	88.000000	462
423	SIAVR	1204.000000	46.000000	56.000000	463
335	SIBDL	1251.000000	60.000000	95.000000	464
371	SIBDR	1251.000000	55.000000	41.000000	465
414	SIBVL	1243.000000	59.000000	85.000000	466
430	SIBVR	1242.000000	52.000000	49.000000	467
427	SMBDL	1222.000000	44.000000	85.000000	468
421	SMBDR	1219.000000	40.989910	59.016816	469
415	SMBVL	1234.000000	53.000000	77.000000	470
416	SMBVR	1229.947796	45.909513	65.135731	471
413	SMDDL	1237.016949	45.960452	85.045198	472
420	SMDDR	1232.000000	42.000000	55.000000	473
343	SMDVL	1258.992161	87.006719	89.007839	474
376	SMDVR	1261.979753	82.016873	42.973003	475
182	SPH	365.000000	61.000000	79.000000	476
172	TL	244.000000	68.000000	71.000000	477
557	TR	241.000000	75.000000	58.000000	478
203	U	339.844888	52.129260	65.155112	479
494	URADL	1332.024887	88.000000	83.062217	480
508	URADR	1331.027304	86.000000	49.908987	481
524	URAVL	1311.000000	44.000000	75.000000	482
521	URAVR	1317.000000	43.000000	55.000000	483
482	URBL	1322.000000	73.000000	93.000000	484
496	URBR	1335.059233	69.940767	38.822300	485
398	URXL	1249.000000	94.000000	70.000000	486
393	URXR	1257.000000	92.000000	59.000000	487
493	URYDL	1316.000000	86.000000	83.000000	488
507	URYDR	1317.000000	84.000000	48.000000	489
488	URYVL	1322.000000	58.000000	87.000000	490
502	URYVR	1328.000000	56.000000	44.000000	491
48	V1L	990.000000	77.000000	90.000000	492
68	V1R	975.000000	63.000000	38.000000	493
51	V2L	894.000000	66.000000	89.000000	494
71	V2R	890.000000	55.000000	39.000000	495
54	V3L	774.000000	60.000000	88.000000	496
74	V3R	778.000000	53.000000	38.000000	497
57	V4L	635.000000	60.000000	84.000000	498
87	V4R	650.000000	61.000000	39.000000	499
61	V5L	513.000000	71.000000	85.000000	500
81	V5R	519.000000	71.000000	46.000000	501
64	V6L	431.000000	64.000000	85.000000	502
77	V6R	426.000000	62.000000	44.000000	503
211	VIRL	357.000000	72.000000	74.000000	504
210	VIRR	357.000000	72.000000	62.000000	505
89	VL1	1469.000000	61.000000	86.000000	506
123	VL10	1029.000000	40.000000	85.000000	507
122	VL11	952.000000	38.000000	77.000000	508
121	VL12	887.000000	48.000000	82.000000	509
120	VL13	854.000000	44.000000	78.000000	510
119	VL14	802.000000	49.000000	81.000000	511
116	VL15	718.000000	43.000000	74.000000	512
115	VL16	639.000000	46.000000	74.000000	513
114	VL17	520.000000	56.000000	77.000000	514
113	VL18	447.000000	51.000000	77.000000	515
212	VL19	278.026376	53.000000	70.131881	516
90	VL2	1452.000000	49.000000	80.000000	517
91	VL3	1411.000000	44.000000	77.000000	518
92	VL4	1350.000000	46.000000	84.000000	519
93	VL5	1289.883985	39.865069	78.232030	520
94	VL6	1286.000000	45.000000	86.000000	521
126	VL7	1175.036405	39.936291	84.063709	522
125	VL8	1109.000000	40.000000	84.000000	523
124	VL9	1074.000000	38.000000	77.000000	524
224	VPI1	1082.000000	92.000000	61.000000	525
226	VPI2DL	1081.000000	81.000000	76.000000	526
227	VPI2DR	1082.000000	80.000000	49.000000	527
225	VPI2V	1082.844888	50.844888	66.129260	528
222	VPI3D	1072.000000	85.000000	64.000000	529
223	VPI3V	1074.982043	58.015713	70.008979	530
101	VR1	1470.000000	61.000000	45.000000	531
139	VR10	1049.000000	34.000000	48.000000	532
138	VR11	995.000000	35.000000	56.000000	533
135	VR12	926.000000	39.000000	52.000000	534
134	VR13	875.000000	38.000000	56.000000	535
133	VR14	822.000000	40.000000	52.000000	536
132	VR15	757.000000	39.000000	53.000000	537
131	VR16	661.000000	43.000000	52.000000	538
130	VR17	593.000000	51.000000	51.000000	539
129	VR18	518.000000	55.000000	57.000000	540
128	VR19	438.000000	49.000000	55.000000	541
102	VR2	1442.000000	49.000000	47.000000	542
213	VR20	276.000000	53.000000	60.000000	543
103	VR3	1408.000000	45.000000	50.000000	544
104	VR4	1354.000000	48.000000	43.000000	545
105	VR5	1295.000000	36.811736	50.623472	546
106	VR6	1269.000000	43.000000	47.000000	547
142	VR7	1186.000000	38.000000	56.000000	548
141	VR8	1118.040770	33.006795	48.938845	549
140	VR9	1085.000000	36.000000	51.000000	550
440	W	1194.000000	37.000000	73.000000	551
490	XXXL	1339.000000	59.000000	86.000000	552
504	XXXR	1368.000000	64.000000	41.000000	553
202	YPDA	327.000000	41.000000	66.000000	554
16	Z1	731.000000	46.000000	52.000000	555
17	Z2	707.000000	50.000000	50.000000	556
18	Z3	682.000000	51.000000	68.000000	557
19	Z4	661.000000	48.000000	69.000000	558
