label_number	label_name	x	y	z	Aligned_No
212	ADAL	1186.787633	82.184260	37.286071	1
190	ADAR	1194.504070	87.771084	90.672745	2
213	ADEL	1186.899565	72.969097	43.030903	3
178	ADER	1187.632770	75.852703	87.227027	4
11	ADESHL	1131.364237	68.227794	35.888047	5
194	ADESHR	1111.267104	85.411366	92.623169	6
41	ADFL	1258.815353	63.384173	50.313832	7
223	ADFR	1270.646041	64.948066	90.509761	8
62	ADLL	1241.999765	46.150459	54.196845	9
152	ADLR	1239.210631	44.756334	79.103328	10
12	AFDL	1270.299053	65.046291	36.824829	11
186	AFDR	1281.435944	74.203148	91.443631	12
289	AIAL	1251.000000	89.000000	60.000000	13
125	AIAR	1250.293975	91.458747	73.626663	14
45	AIBL	1257.666038	75.891195	51.195912	15
265	AIBR	1267.996310	79.955720	81.014760	16
274	AIML	1207.234663	84.897239	60.066718	17
272	AIMR	1212.011038	86.002208	72.026490	18
14	AINL	1190.648298	60.674264	39.117138	19
177	AINR	1194.618413	60.033651	88.436825	20
47	AIYL	1211.229323	87.242481	48.052632	21
273	AIYR	1221.000000	97.000000	78.000000	22
215	AIZL	1202.997065	75.993397	50.993397	23
201	AIZR	1205.927982	82.963991	82.120030	24
225	ALA	1298.017167	48.992847	66.988555	25
359	ALML	850.895753	43.770656	51.169112	26
162	ALMR	845.804775	57.549117	82.586670	27
483	ALNL	263.837264	64.131289	59.668239	28
476	ALNR	255.000000	65.000000	75.000000	29
17	AMSHL	1161.279412	49.992757	39.711809	30
197	AMSHR	1157.986003	58.668083	94.703074	31
46	AMSOL	1431.822949	65.951888	53.472456	32
364	AMSOR	1458.000000	70.000000	89.000000	33
22	ARCADL	1478.266459	82.119567	41.907024	34
183	ARCADR	1475.846501	74.594808	90.714165	35
456	ARCAV	1555.000000	102.000000	63.000000	36
127	ARCPD	1501.249091	54.096438	75.418948	37
34	ARCPDL	1447.779415	67.867608	49.088602	38
365	ARCPDR	1442.000000	68.000000	88.000000	39
97	ARCPV	1521.441683	103.195575	63.180005	40
27	ARCPVL	1456.999162	88.035624	44.263621	41
189	ARCPVR	1474.128663	86.035162	91.419819	42
1	ASEL	1226.583231	65.421659	31.896943	43
290	ASER	1233.874898	71.874898	90.185200	44
230	ASGL	1229.725352	56.241197	45.521127	45
176	ASGR	1240.993188	55.516321	86.900085	46
5	ASHL	1249.943725	69.465094	33.749758	47
187	ASHR	1256.071799	78.782007	90.287630	48
232	ASIL	1220.000000	53.000000	52.000000	49
334	ASIR	1225.000000	54.000000	85.000000	50
9	ASJL	1233.302770	79.199119	35.185061	51
266	ASJR	1236.409479	90.251748	92.675214	52
64	ASKL	1265.741643	51.340019	56.109121	53
145	ASKR	1265.276172	53.056608	77.132402	54
3	AUAL	1252.029590	82.669385	32.100419	55
195	AUAR	1255.339893	94.435897	93.128503	56
7	AVAL	1288.394868	69.315990	34.269185	57
188	AVAR	1297.720771	75.400808	91.641480	58
217	AVBL	1207.977189	62.016924	49.995585	59
220	AVBR	1217.000000	66.000000	82.000000	60
210	AVDL	1209.071803	66.937173	37.968586	61
219	AVDR	1213.808403	71.325210	91.591597	62
43	AVEL	1280.291059	75.030327	49.742418	63
264	AVER	1285.000000	79.000000	81.000000	64
253	AVG	1193.579564	110.422033	64.663119	65
231	AVHL	1216.880452	54.037964	39.489499	66
333	AVHR	1223.753002	50.341338	92.358491	67
209	AVJL	1202.061785	50.000000	39.773455	68
202	AVJR	1209.199170	56.398340	91.464730	69
275	AVKL	1196.000000	90.000000	57.000000	70
141	AVKR	1192.851819	92.278462	75.640845	71
267	AVL	1244.000000	87.000000	84.000000	72
29	AWAL	1241.558118	63.724785	49.948339	73
218	AWAR	1253.914468	67.286171	79.631495	74
16	AWBL	1251.087529	56.359658	40.170780	75
546	AWBR	1256.000000	60.000000	88.000000	76
2	AWCL	1268.505640	77.750097	31.994555	77
193	AWCR	1272.660137	88.537313	94.000622	78
508	B	286.000000	82.000000	69.000000	79
386	BAGL	1345.000000	83.000000	37.000000	80
376	BAGR	1340.980611	86.933592	96.099370	81
24	BDUL	1028.877907	58.902057	43.151834	82
180	BDUR	1060.546995	76.061954	89.174477	83
28	CANL	734.789209	70.136724	47.371882	84
168	CANR	774.117205	69.341147	83.703687	85
40	CCLA	790.117992	96.145644	49.797538	86
340	CCLP	752.000000	94.000000	51.000000	87
160	CCRA	1005.234038	94.492418	81.330008	88
140	CCRP	980.619292	101.859261	76.023127	89
221	CEPDL	1293.993382	53.006618	53.977941	90
153	CEPDR	1304.713157	51.296263	80.044363	91
30	CEPSHDL	1325.314577	63.184332	46.950036	92
414	CEPSHDR	1329.000000	68.000000	86.000000	93
402	CEPSHVL	1326.127791	90.812933	37.992302	94
420	CEPSHVR	1323.059551	99.213457	87.786543	95
389	CEPSODL	1366.000000	61.000000	47.000000	96
417	CEPSODR	1366.000000	64.000000	88.000000	97
399	CEPSOVL	1366.272727	98.181818	43.060606	98
171	CEPSOVR	1359.104041	99.543892	84.521598	99
405	CEPVL	1330.927982	105.963991	56.120030	100
404	CEPVR	1326.985884	107.985884	68.915305	101
110	DA1	1111.880681	113.132276	65.466254	102
99	DA2	1034.970691	111.789888	64.700311	103
85	DA3	958.910757	109.662556	63.048304	104
89	DA4	847.502821	111.543900	63.123590	105
108	DA5	732.172660	106.558439	65.059461	106
319	DA6	581.142884	99.237891	64.895119	107
554	DA7	444.000000	96.000000	63.000000	108
496	DA8	339.988962	88.017660	56.980132	109
500	DA9	334.000000	87.000000	75.000000	110
100	DB1	1167.535572	117.169154	64.754478	111
98	DB2	1227.385803	110.172040	63.763479	112
102	DB3	1071.278392	113.101793	64.914146	113
316	DB4	915.000000	114.000000	64.000000	114
317	DB5	771.203806	109.144717	64.234352	115
96	DB6	610.505923	101.956836	62.920899	116
88	DB7	468.656256	96.077588	62.530937	117
76	DD1	1157.513924	109.843724	59.757897	118
315	DD2	992.000000	110.000000	66.000000	119
90	DD3	826.509961	108.777845	63.985512	120
318	DD4	661.000000	104.000000	64.000000	121
320	DD5	495.855144	97.537446	63.683574	122
498	DD6	344.885360	79.856700	65.742060	123
510	DEP	269.000000	60.000000	70.000000	124
38	DL1	1496.403307	63.168677	48.685409	125
60	DL10	1067.141610	38.978523	55.764692	126
326	DL11	1028.763268	37.169341	57.454949	127
327	DL12	949.000000	41.000000	54.000000	128
70	DL13	886.082732	39.037518	58.285955	129
61	DL14	821.653374	40.795315	55.783324	130
328	DL15	779.634589	37.779489	57.283475	131
329	DL16	694.516650	42.270378	56.333499	132
330	DL17	620.826927	45.439390	58.472595	133
71	DL18	529.060899	50.001573	58.247191	134
77	DL19	469.112296	46.778231	59.184128	135
425	DL2	1462.949976	56.024050	51.936989	136
56	DL20	361.648394	51.425229	55.381651	137
555	DL21	240.000000	64.000000	66.000000	138
65	DL3	1430.263921	52.081143	56.347961	139
426	DL4	1402.814591	55.492791	51.114764	140
427	DL5	1348.959002	47.000000	51.892723	141
428	DL6	1308.000000	51.000000	47.000000	142
80	DL7	1213.216014	40.544368	60.291604	143
234	DL8	1165.525758	38.302778	50.517929	144
74	DL9	1111.900963	37.518485	57.592651	145
169	DR1	1493.235121	65.859343	85.168858	146
144	DR10	1098.636789	46.848606	79.295652	147
123	DR11	1055.198934	39.819239	73.367579	148
321	DR12	975.799092	46.122551	79.836598	149
322	DR13	929.661258	41.799696	73.143002	150
148	DR14	859.725284	46.248469	78.721566	151
323	DR15	828.287998	40.379843	71.953400	152
130	DR16	747.365963	43.338348	75.782443	153
324	DR17	677.474346	43.064136	73.646859	154
325	DR18	613.244769	46.360600	74.338618	155
126	DR19	510.247561	49.081463	75.110976	156
429	DR2	1467.800068	55.888434	85.225861	157
349	DR20	443.000000	50.000000	72.000000	158
504	DR21	302.591292	51.430899	76.887921	159
430	DR3	1431.505844	53.124459	82.050649	160
431	DR4	1387.068252	58.729550	89.463190	161
432	DR5	1335.060134	47.953229	83.966592	162
433	DR6	1326.000000	55.000000	89.000000	163
143	DR7	1213.935071	41.002507	75.964653	164
161	DR8	1189.239394	43.406061	81.415427	165
129	DR9	1135.161265	38.307109	74.703607	166
509	DVA	283.053666	64.015333	68.996167	167
511	DVC	263.018777	75.931151	69.056331	168
534	E1D	1479.227163	63.772837	68.151442	169
537	E1VL	1479.000000	91.000000	56.000000	170
539	E1VR	1482.000000	89.000000	80.000000	171
105	E2D	1562.057775	61.313825	63.900769	172
67	E2VL	1565.122453	88.231083	55.671451	173
134	E2VR	1559.160936	85.947147	74.396672	174
528	E3D	1440.000000	66.000000	68.000000	175
532	E3VL	1447.182988	96.066592	57.198657	176
530	E3VR	1454.000000	93.000000	82.000000	177
235	EXC	1225.805310	85.061426	68.319105	178
287	EXC/DUCT	1235.000000	83.000000	58.000000	179
276	EXC/GL/L	1176.000000	94.025481	47.895243	180
167	EXC/GL/R	1169.308636	101.274236	82.716863	181
507	F	298.067935	67.013587	69.000000	182
214	FLPL	1199.946131	77.016161	38.806072	183
199	FLPR	1201.899701	72.976796	89.011976	184
92	G1	1285.489831	115.063710	61.986768	185
51	G1AL	1164.510040	58.583835	52.999247	186
158	G1AR	1163.713892	59.924155	81.042553	187
121	G1P	1106.515902	63.251317	73.728390	188
271	G2	1258.926284	105.049144	62.950856	189
249	G2L	1113.997642	94.999326	59.998315	190
147	G2R	1106.237410	88.425291	77.353901	191
203	GLRDL	1295.000000	63.874257	62.316907	192
205	GLRDR	1294.608563	67.000000	71.629969	193
54	GLRL	1289.009926	84.886397	51.700735	194
258	GLRR	1293.144273	86.801762	79.083150	195
260	GLRVL	1294.638348	95.555752	56.670206	196
259	GLRVR	1296.157498	96.942728	76.014318	197
21	H0L	1433.524179	76.636861	40.607664	198
198	H0R	1433.587363	81.044202	96.569163	199
551	H1L	1323.000000	80.000000	32.000000	200
556	H1R	1321.000000	92.000000	95.000000	201
4	H2L	1169.914623	65.088420	33.453508	202
269	H2R	1142.740481	78.710412	96.402136	203
93	HMC	1192.346855	42.146384	64.166373	204
26	HSNL	719.293772	84.935762	44.862906	205
170	HSNR	725.944265	77.694727	85.275671	206
463	HYP101	95.000000	76.000000	64.000000	207
464	HYP102	70.000000	75.000000	64.000000	208
467	HYP11	158.000000	69.000000	60.000000	209
393	HYP1L	1417.000000	65.000000	47.000000	210
366	HYP1R	1425.000000	68.000000	91.000000	211
458	HYP1V	1508.000000	104.000000	73.000000	212
31	HYP2L	1468.831512	69.211007	48.132327	213
457	HYP2V	1535.000000	102.000000	70.000000	214
111	HYP31	1539.987508	51.420254	66.434307	215
94	HYP32	1519.103746	50.920180	63.514022	216
112	HYP4D	1604.514357	59.903226	64.708614	217
451	HYP4V1	1608.493734	95.820569	64.437040	218
107	HYP4V2	1583.792065	99.269892	64.517929	219
424	HYP5L	1531.528178	76.862085	43.026456	220
181	HYP5R	1533.324196	78.878289	88.019189	221
446	HYP6D1	1491.000000	44.395777	69.604223	222
445	HYP6D2	1460.882324	48.935007	69.070901	223
119	HYP6D3	1412.609329	47.387269	68.209427	224
113	HYP6D4	1394.578595	46.576283	67.251040	225
455	HYP6V1	1484.998371	116.446254	66.833876	226
454	HYP6V2	1426.000000	110.000000	68.000000	227
468	HYP71	199.000000	88.000000	64.000000	228
469	HYP72	180.000000	84.000000	65.000000	229
19	HYP7ABLD	1061.749791	57.165969	39.228270	230
354	HYP7ABLV	1075.865792	77.754457	40.720484	231
15	HYP7ABR3	1107.237631	55.468516	38.242129	232
353	HYP7ABRD	1092.000000	67.000000	92.000000	233
352	HYP7ABRV	1084.377556	84.561111	91.047778	234
444	HYP7D1	1355.000000	47.000000	68.000000	235
228	HYP7D2	1271.244051	44.084649	65.776795	236
25	HYP7LC1	968.248851	56.620085	41.640511	237
360	HYP7LC2	856.000000	55.000000	43.000000	238
33	HYP7LC3	767.368932	51.140170	44.872269	239
362	HYP7LC4	605.645248	64.126602	44.971888	240
363	HYP7LC5	483.488747	57.735909	47.851623	241
503	HYP7LC6	302.640595	53.712585	52.286062	242
355	HYP7RC1	993.476863	61.000776	90.425311	243
184	HYP7RC2	926.486132	58.333587	89.571929	244
356	HYP7RC3	751.848867	59.130485	85.890163	245
357	HYP7RC4	621.050993	56.162320	84.805566	246
358	HYP7RC5	492.431638	58.622835	85.042208	247
557	HYP7RC6	293.352371	57.867672	80.451078	248
452	HYP7V1	1379.000000	115.000000	68.000000	249
453	HYP7V2	1344.000000	117.000000	64.000000	250
466	HYP8	152.735568	80.581750	65.264432	251
465	HYP9	121.000000	78.000000	65.000000	252
82	I1L	1427.384024	91.680724	59.248822	253
553	I1R	1428.000000	92.000000	80.000000	254
518	I2L	1391.000000	92.000000	51.000000	255
521	I2R	1388.000000	95.000000	84.000000	256
118	I3	1368.400049	65.274988	68.552901	257
114	I4	1165.629477	52.567036	68.042155	258
120	I5	1167.313313	93.846594	69.157566	259
246	I6	1151.000000	53.000000	55.000000	260
380	IL1DL	1345.000000	61.000000	63.000000	261
381	IL1DR	1348.406393	59.034703	74.384475	262
400	IL1L	1364.264775	83.697400	42.037825	263
409	IL1R	1359.036036	86.977477	90.011261	264
407	IL1VL	1354.169725	107.845566	57.900612	265
422	IL1VR	1341.662570	105.274860	65.182123	266
382	IL2DL	1371.189125	55.810875	55.302600	267
131	IL2DR	1370.379125	50.274751	75.700435	268
10	IL2L	1377.838943	74.647635	35.466766	269
374	IL2R	1373.000000	80.000000	97.000000	270
408	IL2VL	1370.733597	113.968379	57.675099	271
423	IL2VR	1355.000000	110.000000	75.000000	272
391	ILSHDL	1401.199170	66.601660	42.464730	273
367	ILSHDR	1412.120030	67.927982	91.963991	274
396	ILSHL	1408.000000	88.563891	44.250618	275
370	ILSHR	1417.000000	93.000000	93.000000	276
461	ILSHVL	1466.000000	110.000000	60.000000	277
462	ILSHVR	1447.000000	111.000000	75.000000	278
449	ILSODL	1491.000000	52.000000	62.000000	279
447	ILSODR	1475.000000	50.000000	77.000000	280
394	ILSOL	1437.000000	91.000000	46.000000	281
192	ILSOR	1449.381293	87.204028	92.960784	282
459	ILSOVL	1493.000000	108.000000	64.000000	283
460	ILSOVR	1481.000000	108.000000	73.000000	284
558	IML	372.000000	81.000000	48.000000	285
552	IMR	398.196597	88.227409	76.572086	286
104	IND2	997.454545	45.725397	67.256277	287
347	IND3	942.000000	49.000000	68.000000	288
348	IND4	879.000000	48.000000	68.000000	289
124	IND5	792.875145	50.593834	72.600385	290
81	IND6	647.488372	55.490857	62.872714	291
117	IND7	558.934562	54.597681	69.168043	292
72	IND8	447.230974	58.549518	57.518611	293
50	IND9	381.372516	54.635482	54.126515	294
49	INDL1	1039.829481	50.460880	53.992638	295
346	INDR1	1047.770256	55.530739	80.638770	296
69	INV2	987.015424	91.286973	57.080881	297
79	INV3	925.297379	96.413793	61.091586	298
95	INV4	836.058601	91.029143	62.155797	299
361	INV5	750.819372	66.923400	59.000000	300
133	INV6	696.851206	73.459740	73.383302	301
87	INV7	589.950561	85.067847	63.809607	302
106	INV8	491.412988	83.422179	66.783788	303
351	INV9	399.000000	90.000000	61.000000	304
344	INVL1	1043.000000	94.000000	52.000000	305
345	INVR1	1042.000000	94.000000	77.000000	306
505	K	308.133562	57.877202	62.920254	307
506	K'	317.566357	59.000000	77.433643	308
485	LUAL	279.950457	66.037348	56.777439	309
480	LUAR	270.032824	69.138168	79.174046	310
165	M	581.253215	67.153834	81.132243	311
251	M1	1151.000000	56.000000	78.000000	312
63	M2L	1173.282635	72.317547	55.504250	313
155	M2R	1171.642489	75.393962	79.652062	314
75	M3L	1341.738315	91.069366	55.742185	315
135	M3R	1341.636622	90.659369	72.746090	316
115	M4	1340.453211	74.876468	66.510572	317
247	M5	1121.547170	54.207547	54.339623	318
78	MC1DL	1409.218912	71.426813	60.907707	319
156	MC1DR	1407.364706	76.885598	81.280730	320
122	MC1V	1401.616715	99.899135	69.234150	321
245	MC2DL	1198.891677	59.085133	61.018742	322
236	MC2DR	1202.000000	54.000000	76.000000	323
239	MC2V	1199.000000	76.000000	69.000000	324
248	MC3DL	1126.000000	62.000000	51.000000	325
163	MC3DR	1124.551420	69.016761	81.416477	326
250	MC3V	1128.000000	99.000000	70.000000	327
519	MCL	1392.000000	86.000000	60.000000	328
520	MCR	1390.039489	87.861789	76.861789	329
514	MI	1382.961098	62.922197	69.617849	330
59	NSML	1372.553083	91.364211	53.548872	331
159	NSMR	1368.728458	92.934181	81.145946	332
384	OLLL	1358.874703	70.174465	49.191911	333
413	OLLR	1354.000000	74.000000	85.000000	334
397	OLLSHL	1408.000000	79.000000	40.000000	335
371	OLLSHR	1400.000000	89.000000	97.000000	336
390	OLLSOL	1383.000000	63.000000	47.000000	337
410	OLLSOR	1384.000000	71.000000	94.000000	338
378	OLQDL	1334.000000	55.000000	60.000000	339
379	OLQDR	1336.881558	56.084261	75.702703	340
392	OLQSHDL	1397.948187	72.968912	34.974093	341
368	OLQSHDR	1402.000000	74.000000	95.000000	342
398	OLQSHVL	1391.000000	85.000000	39.000000	343
372	OLQSHVR	1383.000000	91.000000	97.000000	344
450	OLQSODL	1471.000000	52.000000	62.000000	345
448	OLQSODR	1452.000000	54.000000	78.000000	346
395	OLQSOVL	1422.000000	93.000000	46.000000	347
369	OLQSOVR	1433.000000	96.000000	92.000000	348
23	OLQVL	1339.944749	91.832420	42.481735	349
419	OLQVR	1335.017634	93.992652	85.997061	350
307	P1/2L	971.471947	82.969552	41.767875	351
296	P1/2R	971.297968	85.928958	87.755174	352
494	P11/12L	359.843191	82.013755	44.958735	353
502	P11/12R	358.000000	88.000000	86.000000	354
308	P3/4L	870.716415	83.256466	45.189476	355
298	P3/4R	867.409932	86.581005	84.760763	356
309	P5/6L	759.518420	83.384666	44.474942	357
300	P5/6R	779.972222	86.949805	88.053850	358
311	P7/8L	622.962724	89.461895	44.056660	359
302	P7/8R	642.212296	88.135030	83.642088	360
313	P9/10L	498.200563	84.174593	46.673655	361
305	P9/10R	502.335206	84.038048	84.127147	362
487	PHAL	301.000000	79.000000	57.000000	363
478	PHAR	294.632708	79.851653	78.716711	364
486	PHBL	295.828427	67.963835	56.415475	365
479	PHBR	281.877425	70.599647	79.397707	366
482	PHSHL	251.000000	70.000000	58.000000	367
474	PHSHR	242.000000	69.000000	78.000000	368
481	PLML	237.000000	80.000000	61.000000	369
473	PLMR	237.970260	80.081784	73.970260	370
525	PM1DL	1404.000000	63.000000	70.000000	371
524	PM1DR	1410.343711	67.229141	75.286426	372
526	PM1L	1412.000000	81.000000	55.000000	373
523	PM1R	1408.000000	88.000000	82.000000	374
527	PM1VL	1409.000000	95.000000	60.000000	375
522	PM1VR	1408.000000	98.062217	77.975113	376
541	PM2D1	1526.000000	62.000000	67.000000	377
540	PM2D2	1510.000000	62.000000	67.000000	378
543	PM2VL1	1522.000000	89.000000	54.000000	379
542	PM2VL2	1506.000000	89.000000	54.000000	380
545	PM2VR1	1525.000000	87.000000	78.000000	381
544	PM2VR2	1505.000000	89.000000	78.000000	382
535	PM3DL	1473.000000	70.000000	64.000000	383
533	PM3DR	1461.000000	69.000000	74.000000	384
531	PM3L	1447.917080	86.341598	60.002479	385
529	PM3R	1450.697987	85.295302	80.899329	386
536	PM3VL	1486.078588	95.039863	61.052392	387
538	PM3VR	1472.993188	95.676658	74.177566	388
517	PM4DL	1389.000000	63.000000	61.000000	389
515	PM4DR	1384.000000	65.000000	78.000000	390
516	PM4L	1383.469926	80.060148	51.827597	391
172	PM4R	1385.100111	82.598448	85.652013	392
84	PM4VL	1387.216134	98.601725	61.782851	393
136	PM4VR	1377.232673	101.839227	74.672796	394
238	PM5DL	1182.000000	55.000000	63.000000	395
237	PM5DR	1183.091934	55.000000	72.827407	396
57	PM5L	1183.290464	64.156897	55.141149	397
146	PM5R	1181.510553	64.528453	77.960192	398
240	PM5VL	1181.000000	82.000000	64.000000	399
116	PM5VR	1178.781403	81.997401	71.974300	400
241	PM6D	1148.851628	51.856548	66.306964	401
66	PM6VL	1154.781802	78.376988	54.886705	402
149	PM6VR	1152.432833	84.372159	78.840909	403
103	PM7D	1125.625037	50.682290	65.069416	404
53	PM7VL	1129.322095	80.709373	53.026298	405
157	PM7VR	1122.123719	88.299175	80.550612	406
242	PM8	1099.627038	85.014606	67.742188	407
484	PVCL	276.714521	76.288779	58.896040	408
475	PVCR	260.497462	76.240609	79.240609	409
497	PVPL	359.000000	90.000000	59.000000	410
499	PVPR	348.814330	84.944530	74.781972	411
488	PVQL	313.017712	69.036162	55.974908	412
477	PVQR	303.507246	71.294384	78.789855	413
472	PVR	200.000000	66.000000	68.000000	414
501	PVT	368.047573	91.013936	72.940413	415
37	QL	559.765816	64.876495	50.725032	416
303	QR	627.767926	72.718762	80.902910	417
493	REPD	326.000000	50.000000	67.000000	418
489	REPVL	339.000000	68.000000	54.000000	419
154	REPVR	333.566957	67.450475	81.564778	420
222	RIAL	1274.963821	63.043415	51.913169	421
224	RIAR	1277.988555	66.017167	80.007153	422
42	RIBL	1234.559877	74.439353	49.182518	423
291	RIBR	1235.000000	73.000000	79.000000	424
6	RICL	1214.874445	77.842724	35.155723	425
200	RICR	1213.869668	87.130332	90.260664	426
101	RID	1316.322977	47.284612	65.120100	427
255	RIFL	1202.959717	100.249320	57.940664	428
254	RIFR	1199.852849	102.368190	71.398873	429
252	RIGL	1180.215778	103.003657	59.538662	430
91	RIGR	1140.056481	115.145556	64.586852	431
261	RIH	1285.234153	101.000000	65.174644	432
52	RIML	1219.347086	74.177800	51.778978	433
268	RIMR	1223.000000	84.000000	84.000000	434
44	RIPL	1341.811665	75.239818	50.399479	435
412	RIPR	1340.000000	78.000000	84.000000	436
293	RIR	1269.000000	92.000000	77.000000	437
166	RIS	1208.223235	99.733106	82.036067	438
233	RIVL	1199.000000	50.000000	51.000000	439
229	RIVR	1206.410860	49.589140	84.826244	440
285	RMDDL	1291.000000	99.000000	46.000000	441
173	RMDDR	1289.659504	105.742562	85.417355	442
8	RMDL	1297.174064	83.518721	33.999008	443
284	RMDR	1302.000000	92.000000	93.000000	444
208	RMDVL	1309.000000	72.000000	38.000000	445
185	RMDVR	1315.756250	75.181771	91.761719	446
377	RMED	1332.562974	51.415781	68.984825	447
383	RMEL	1331.000000	77.000000	46.000000	448
411	RMER	1327.966790	82.983026	86.002952	449
403	RMEV	1317.857143	111.047619	61.888889	450
211	RMGL	1173.000000	80.000000	38.000000	451
182	RMGR	1179.074454	86.504814	88.288190	452
263	SAADL	1282.896970	101.030303	56.153030	453
262	SAADR	1285.020634	101.017686	74.973471	454
204	SAAVL	1295.008191	65.098287	51.983619	455
206	SAAVR	1297.000000	67.000000	80.000000	456
109	SABD	1182.869720	109.368957	70.018066	457
257	SABVL	1213.000000	105.000000	61.000000	458
256	SABVR	1208.747090	108.192593	70.564021	459
288	SIADL	1255.000000	88.000000	46.000000	460
294	SIADR	1249.921348	102.955056	87.101124	461
36	SIAVL	1241.111633	94.973181	48.029836	462
150	SIAVR	1237.436489	99.164544	77.494664	463
216	SIBDL	1283.000000	81.000000	38.000000	464
196	SIBDR	1287.430093	90.045689	93.582274	465
35	SIBVL	1271.428365	85.452243	48.308973	466
270	SIBVR	1278.142857	95.047619	84.111111	467
48	SMBDL	1258.192540	101.600603	49.137905	468
295	SMBDR	1257.000000	107.000000	78.000000	469
73	SMBVL	1266.745469	93.158889	57.612418	470
292	SMBVR	1267.962175	99.264775	68.697400	471
286	SMDDL	1273.000000	99.000000	46.000000	472
164	SMDDR	1270.890760	106.450513	82.457495	473
207	SMDVL	1285.007143	56.995714	41.992857	474
175	SMDVR	1289.907288	56.686934	86.457525	475
490	SPH	354.913043	72.843631	54.156369	476
471	TL	222.000000	70.000000	55.000000	477
470	TR	216.036893	74.018447	74.013835	478
495	U	329.000000	77.000000	63.000000	479
388	URADL	1355.091188	59.213027	54.052107	480
416	URADR	1355.963100	59.985240	80.974170	481
406	URAVL	1352.000000	101.000000	46.000000	482
421	URAVR	1341.017634	104.992652	78.997061	483
385	URBL	1358.928410	73.856820	37.942728	484
375	URBR	1352.968230	78.998487	96.143722	485
227	URXL	1280.000000	57.000000	64.000000	486
226	URXR	1286.152924	53.923538	75.280360	487
387	URYDL	1342.980147	61.007353	48.991912	488
415	URYDR	1343.000000	61.000000	85.000000	489
401	URYVL	1357.102975	91.814645	40.897025	490
418	URYVR	1349.000000	93.000000	87.000000	491
20	V1L	1008.945800	67.258452	41.596026	492
179	V1R	1026.615015	72.227974	88.730888	493
18	V2L	916.358714	76.939086	39.789679	494
297	V2R	910.003466	79.884853	84.461944	495
39	V3L	813.693530	75.121172	46.724349	496
299	V3R	819.879605	79.092491	84.210691	497
310	V4L	678.000000	81.000000	45.000000	498
301	V4R	673.000000	80.000000	88.000000	499
312	V5L	534.882441	76.693657	49.414905	500
304	V5R	538.186080	74.662353	85.328588	501
314	V6L	450.823317	73.998274	44.712694	502
306	V6R	456.194534	74.236830	84.860131	503
491	VIRL	355.000000	62.000000	62.000000	504
138	VIRR	352.534344	67.041213	77.298674	505
438	VL1	1488.000000	93.000000	46.000000	506
283	VL10	1047.118409	108.221000	53.896354	507
337	VL11	976.000000	109.000000	53.000000	508
32	VL12	946.805140	100.562115	46.650808	509
338	VL13	883.511377	106.652377	54.640796	510
350	VL14	823.000000	102.000000	49.000000	511
339	VL15	764.000000	104.000000	56.000000	512
341	VL16	671.000000	97.000000	52.000000	513
342	VL17	556.239451	96.911922	56.840757	514
343	VL18	450.000000	91.000000	49.000000	515
513	VL19	260.000000	87.000000	60.000000	516
439	VL2	1461.000000	102.000000	49.000000	517
440	VL3	1424.602762	107.244616	52.933052	518
441	VL4	1393.011996	102.058541	45.970729	519
442	VL5	1337.000000	109.000000	46.000000	520
443	VL6	1321.000000	100.000000	39.000000	521
281	VL7	1222.550630	99.509557	49.180968	522
282	VL8	1176.000000	104.000000	49.000000	523
55	VL9	1126.903797	110.581403	52.185006	524
243	VPI1	1094.958964	56.876893	59.136786	525
244	VPI2DL	1098.000000	66.000000	49.000000	526
132	VPI2DR	1091.677037	72.612840	76.432840	527
68	VPI2V	1096.697917	91.517645	57.716837	528
86	VPI3D	1086.013039	61.361083	66.096540	529
58	VPI3V	1085.538702	85.861376	59.633457	530
434	VR1	1491.509395	92.615866	89.018789	531
280	VR10	1109.297371	104.971157	84.785506	532
142	VR11	1025.170283	109.880350	77.537071	533
331	VR12	960.385525	101.674495	79.277314	534
137	VR13	917.341140	106.406772	76.205400	535
151	VR14	850.692945	102.426873	79.196778	536
332	VR15	786.000000	98.000000	76.000000	537
139	VR16	703.650142	94.554027	77.916835	538
128	VR17	622.347533	94.779730	74.382322	539
335	VR18	541.403897	93.124787	78.191433	540
336	VR19	447.276176	90.072896	74.246190	541
435	VR2	1459.375197	105.013400	84.558329	542
512	VR20	257.000000	89.000000	74.000000	543
174	VR3	1427.861131	109.248763	84.444170	544
191	VR4	1378.761038	104.490768	90.848809	545
436	VR5	1329.000000	110.000000	81.000000	546
437	VR6	1307.171077	104.273456	88.699278	547
277	VR7	1226.159207	109.571292	78.158568	548
278	VR8	1188.170545	106.649028	81.846669	549
279	VR9	1133.646126	110.965348	79.323308	550
83	W	1237.988811	101.504500	61.209195	551
13	XXXL	1377.762908	89.010011	36.938620	552
373	XXXR	1355.902721	92.285243	97.510305	553
492	YPDA	325.000000	93.000000	66.000000	554
548	Z1	766.000000	83.000000	79.000000	555
547	Z2	740.553785	87.197665	72.097255	556
549	Z3	710.277735	87.604271	59.963085	557
550	Z4	687.980254	94.251826	58.105761	558
