label_number	label_name	x	y	z	Aligned_No
314	ADAL	1151.000000	82.000000	38.000000	1
356	ADAR	1156.000000	81.000000	92.000000	2
315	ADEL	1156.936291	70.927190	41.018203	3
357	ADER	1158.000000	61.000000	92.000000	4
312	ADESHL	1064.000000	76.000000	40.000000	5
352	ADESHR	1096.000000	79.000000	91.000000	6
335	ADFL	1223.000000	54.000000	49.000000	7
377	ADFR	1232.000000	57.000000	78.000000	8
405	ADLL	1206.000000	45.000000	59.000000	9
400	ADLR	1215.000000	43.000000	72.000000	10
328	AFDL	1233.000000	59.000000	40.000000	11
370	AFDR	1242.000000	60.000000	88.000000	12
422	AIAL	1211.011299	92.966102	59.050847	13
421	AIAR	1209.000000	95.000000	71.000000	14
341	AIBL	1219.000000	72.000000	49.000000	15
383	AIBR	1227.000000	72.000000	80.000000	16
428	AIML	1166.078978	91.019744	57.177700	17
432	AIMR	1177.000000	95.000000	71.000000	18
316	AINL	1167.000000	61.000000	42.000000	19
361	AINR	1170.000000	53.000000	89.000000	20
429	AIYL	1162.000000	90.000000	48.000000	21
433	AIYR	1172.000000	92.000000	83.000000	22
344	AIZL	1172.000000	73.000000	49.000000	23
386	AIZR	1177.000000	64.000000	87.000000	24
393	ALA	1250.002245	35.984287	62.979798	25
41	ALML	819.000000	47.000000	43.000000	26
45	ALMR	830.000000	44.000000	81.000000	27
174	ALNL	244.936999	56.000000	54.886598	28
186	ALNR	245.977401	57.005650	74.056497	29
311	AMSHL	1154.000000	51.000000	40.000000	30
354	AMSHR	1138.000000	46.000000	92.000000	31
504	AMSOL	1398.000000	57.000000	41.000000	32
518	AMSOR	1415.080000	63.068571	84.057143	33
502	ARCADL	1426.000000	70.000000	35.000000	34
517	ARCADR	1434.000000	68.000000	84.000000	35
551	ARCAV	1465.000000	99.000000	56.000000	36
536	ARCPD	1461.000000	45.000000	55.000000	37
505	ARCPDL	1382.000000	55.000000	44.000000	38
519	ARCPDR	1408.000000	57.000000	79.000000	39
552	ARCPV	1445.172333	99.000000	59.172333	40
510	ARCPVL	1409.000000	74.000000	39.000000	41
524	ARCPVR	1425.000000	80.000000	84.000000	42
322	ASEL	1199.000000	59.000000	40.000000	43
364	ASER	1207.000000	59.000000	93.000000	44
332	ASGL	1200.000000	47.000000	46.000000	45
375	ASGR	1210.000000	45.000000	84.000000	46
323	ASHL	1215.000000	64.000000	40.000000	47
365	ASHR	1225.000000	65.000000	92.000000	48
406	ASIL	1193.000000	53.000000	59.000000	49
401	ASIR	1197.000000	48.000000	72.000000	50
321	ASJL	1193.000000	79.000000	40.000000	51
363	ASJR	1203.000000	79.000000	93.000000	52
404	ASKL	1224.000000	44.000000	56.000000	53
399	ASKR	1233.000000	44.000000	72.000000	54
324	AUAL	1210.019744	80.881533	38.842044	55
366	AUAR	1222.000000	79.000000	91.000000	56
329	AVAL	1248.000000	65.000000	40.000000	57
371	AVAR	1257.000000	69.000000	88.000000	58
339	AVBL	1184.063709	59.072810	51.981797	59
381	AVBR	1189.000000	55.000000	80.000000	60
320	AVDL	1180.000000	67.000000	40.000000	61
360	AVDR	1185.162791	64.000000	93.122093	62
340	AVEL	1239.994401	68.988802	47.996641	63
382	AVER	1246.000000	70.000000	80.000000	64
443	AVG	1129.118467	106.019744	64.157956	65
331	AVHL	1188.000000	49.000000	44.000000	66
374	AVHR	1195.000000	46.000000	86.000000	67
317	AVJL	1178.939567	55.992018	42.925884	68
362	AVJR	1182.993281	50.995521	89.010078	69
430	AVKL	1149.000000	95.000000	50.000000	70
435	AVKR	1153.000000	97.000000	81.000000	71
416	AVL	1212.000000	84.000000	79.000000	72
338	AWAL	1212.000000	55.000000	50.000000	73
380	AWAR	1218.000000	58.000000	78.000000	74
333	AWBL	1215.051704	49.873090	41.795535	75
376	AWBR	1227.000000	51.000000	87.000000	76
325	AWCL	1226.000000	77.000000	39.000000	77
367	AWCR	1238.649682	74.579618	91.210191	78
197	B	264.000000	77.000000	61.000000	79
452	BAGL	1289.003359	76.011198	40.994401	80
468	BAGR	1296.000000	78.000000	85.000000	81
40	BDUL	1007.000000	77.000000	41.000000	82
44	BDUR	988.000000	74.000000	83.000000	83
42	CANL	725.000000	61.000000	40.000000	84
46	CANR	713.000000	60.000000	83.000000	85
118	CCLA	792.000000	81.000000	56.000000	86
117	CCLP	777.000000	85.000000	55.000000	87
136	CCRA	975.983051	90.954802	83.039548	88
135	CCRP	936.000000	93.000000	74.000000	89
396	CEPDL	1256.000000	39.000000	53.000000	90
397	CEPDR	1264.000000	39.000000	77.000000	91
456	CEPSHDL	1288.000000	53.000000	45.000000	92
472	CEPSHDR	1291.000000	58.000000	80.000000	93
457	CEPSHVL	1279.000000	87.000000	43.000000	94
473	CEPSHVR	1277.000000	81.000000	85.000000	95
488	CEPSODL	1327.976378	52.983127	45.023622	96
490	CEPSODR	1337.000000	57.000000	82.000000	97
501	CEPSOVL	1314.000000	94.000000	45.000000	98
500	CEPSOVR	1319.000000	95.000000	77.000000	99
492	CEPVL	1277.921022	102.980256	58.822300	100
493	CEPVR	1281.942857	103.920000	68.068571	101
449	DA1	1070.000000	102.000000	67.000000	102
14	DA2	990.000000	103.000000	64.000000	103
12	DA3	899.000000	101.000000	63.000000	104
10	DA4	809.000000	99.000000	65.000000	105
7	DA5	669.000000	96.000000	61.000000	106
4	DA6	536.976163	95.039728	62.071510	107
1	DA7	401.000000	93.000000	61.000000	108
205	DA8	313.000000	86.000000	55.000000	109
207	DA9	303.000000	85.000000	68.000000	110
447	DB1	1096.000000	109.000000	64.000000	111
438	DB2	1164.016816	111.010090	63.000000	112
15	DB3	1018.000000	104.000000	64.000000	113
11	DB4	871.000000	101.000000	61.000000	114
8	DB5	736.000000	95.000000	64.000000	115
5	DB6	556.000000	97.000000	62.000000	116
2	DB7	426.000000	93.278649	60.238842	117
446	DD1	1109.000000	102.000000	60.000000	118
13	DD2	945.000000	101.000000	64.000000	119
9	DD3	791.000000	95.000000	66.000000	120
6	DD4	617.000000	98.000000	59.000000	121
3	DD5	456.000000	93.000000	60.000000	122
204	DD6	324.954933	78.819732	59.639464	123
200	DEP	250.000000	56.000000	64.000000	124
94	DL1	1430.000000	51.000000	43.000000	125
152	DL10	1009.000000	38.000000	48.000000	126
151	DL11	956.000000	34.000000	50.000000	127
150	DL12	889.000000	38.000000	47.000000	128
149	DL13	832.000000	37.000000	50.000000	129
148	DL14	778.000000	36.000000	49.000000	130
147	DL15	735.000000	37.000000	50.000000	131
146	DL16	643.000000	41.000000	51.000000	132
145	DL17	588.000000	41.000000	51.000000	133
144	DL18	510.000000	47.000000	50.000000	134
143	DL19	443.000000	44.000000	56.000000	135
95	DL2	1398.000000	45.000000	47.000000	136
142	DL20	389.000000	45.000000	59.000000	137
201	DL21	229.000000	53.000000	64.000000	138
96	DL3	1371.000000	39.000000	50.000000	139
97	DL4	1332.993143	42.981714	43.916571	140
98	DL5	1284.000000	37.000000	53.000000	141
99	DL6	1274.000000	46.000000	45.000000	142
155	DL7	1172.150386	36.000000	53.398458	143
154	DL8	1120.000000	34.000000	48.000000	144
153	DL9	1084.000000	35.000000	49.000000	145
106	DR1	1453.000000	57.000000	79.000000	146
166	DR10	1053.000000	34.000000	78.000000	147
165	DR11	987.000000	34.000000	72.000000	148
164	DR12	927.000000	34.000000	77.000000	149
163	DR13	881.000000	32.000000	70.000000	150
162	DR14	812.000000	36.000000	76.000000	151
161	DR15	774.000000	31.000000	70.000000	152
160	DR16	700.000000	41.000000	71.000000	153
159	DR17	648.000000	39.000000	66.000000	154
158	DR18	570.000000	40.000000	70.000000	155
157	DR19	480.000000	44.000000	67.000000	156
107	DR2	1430.001120	51.006719	77.011198	157
156	DR20	408.000000	46.000000	71.000000	158
194	DR21	285.000000	49.000000	71.000000	159
108	DR3	1383.000000	44.000000	76.000000	160
109	DR4	1349.996641	49.988802	82.994401	161
110	DR5	1290.000000	38.000000	75.000000	162
111	DR6	1284.996644	47.994407	82.001119	163
169	DR7	1181.000000	32.000000	72.000000	164
168	DR8	1149.000000	29.000000	75.000000	165
167	DR9	1098.000000	29.000000	73.000000	166
198	DVA	274.000000	54.000000	60.000000	167
199	DVC	264.000000	64.000000	63.000000	168
295	E1D	1426.887850	54.850467	61.107477	169
304	E1VL	1436.000000	82.000000	49.000000	170
288	E1VR	1442.205562	81.753325	73.205562	171
298	E2D	1498.000000	53.000000	61.000000	172
307	E2VL	1497.000000	81.000000	51.000000	173
291	E2VR	1498.000000	80.000000	70.000000	174
294	E3D	1390.000000	54.000000	61.000000	175
303	E3VL	1408.000000	83.000000	51.000000	176
287	E3VR	1415.000000	83.000000	74.000000	177
427	EXC	1181.957589	88.042411	55.924107	178
426	EXC/DUCT	1197.000000	84.000000	54.000000	179
431	EXC/GL/L	1100.000000	97.000000	48.000000	180
436	EXC/GL/R	1108.000000	98.000000	80.000000	181
196	F	285.000000	65.000000	61.000000	182
318	FLPL	1164.000000	79.000000	39.000000	183
358	FLPR	1169.000000	69.000000	94.000000	184
387	G1	1225.000000	110.000000	65.000000	185
245	G1AL	1152.000000	57.000000	53.000000	186
246	G1AR	1143.000000	56.000000	83.000000	187
231	G1P	1101.000000	43.000000	73.000000	188
388	G2	1205.000000	105.000000	64.000000	189
230	G2L	1093.000000	82.000000	54.000000	190
229	G2R	1094.000000	82.000000	73.000000	191
395	GLRDL	1257.000000	54.000000	58.000000	192
394	GLRDR	1259.026376	54.000000	68.131881	193
345	GLRL	1244.977452	78.959414	50.981962	194
348	GLRR	1252.118467	77.138211	75.921022	195
346	GLRVL	1250.000000	88.000000	55.000000	196
347	GLRVR	1252.000000	88.000000	73.000000	197
451	H0L	1384.000000	65.000000	36.000000	198
467	H0R	1388.000000	72.000000	90.000000	199
450	H1L	1276.000000	68.000000	36.000000	200
466	H1R	1291.963595	70.936291	92.063709	201
310	H2L	1081.000000	70.000000	36.000000	202
353	H2R	1127.000000	66.000000	94.000000	203
170	HMC	1170.000000	36.000000	62.000000	204
43	HSNL	677.000000	82.000000	42.000000	205
47	HSNR	685.000000	79.000000	82.000000	206
219	HYP101	88.000000	69.000000	65.000000	207
220	HYP102	64.000000	71.000000	67.000000	208
221	HYP11	144.000000	61.000000	64.000000	209
506	HYP1L	1367.000000	53.000000	43.000000	210
520	HYP1R	1393.000000	57.000000	81.000000	211
548	HYP1V	1459.747847	101.100861	63.353014	212
503	HYP2L	1412.000000	61.000000	37.000000	213
547	HYP2V	1482.000000	98.000000	63.000000	214
534	HYP31	1493.000000	42.000000	61.000000	215
535	HYP32	1480.000000	45.000000	64.000000	216
531	HYP4D	1545.000000	47.000000	63.000000	217
532	HYP4V1	1532.000000	91.000000	62.000000	218
533	HYP4V2	1504.000000	96.000000	61.000000	219
516	HYP5L	1480.000000	65.000000	41.000000	220
530	HYP5R	1472.000000	69.000000	82.000000	221
541	HYP6D1	1452.000000	39.000000	62.000000	222
542	HYP6D2	1399.983852	40.838524	63.983852	223
543	HYP6D3	1360.000000	39.000000	64.000000	224
544	HYP6D4	1343.000000	38.000000	64.000000	225
555	HYP6V1	1433.000000	107.000000	59.000000	226
556	HYP6V2	1374.000000	106.000000	59.000000	227
215	HYP71	215.000000	83.000000	62.000000	228
216	HYP72	194.000000	79.000000	62.000000	229
309	HYP7ABLD	1047.000000	58.000000	38.000000	230
308	HYP7ABLV	1036.000000	74.000000	38.000000	231
349	HYP7ABR3	1023.000000	67.000000	92.000000	232
351	HYP7ABRD	1066.000000	56.000000	92.000000	233
350	HYP7ABRV	1051.000000	70.000000	92.000000	234
545	HYP7D1	1310.000000	37.000000	64.000000	235
546	HYP7D2	1216.000000	32.000000	64.000000	236
50	HYP7LC1	963.020187	56.104874	39.788774	237
51	HYP7LC2	904.000000	60.000000	40.000000	238
54	HYP7LC3	757.000000	48.000000	41.000000	239
57	HYP7LC4	610.000000	58.000000	42.000000	240
61	HYP7LC5	469.000000	60.000000	42.000000	241
66	HYP7LC6	323.968291	59.031709	45.694509	242
70	HYP7RC1	955.000000	49.000000	88.000000	243
73	HYP7RC2	850.000000	51.000000	88.000000	244
76	HYP7RC3	734.000000	46.000000	85.000000	245
79	HYP7RC4	605.000000	58.000000	83.000000	246
84	HYP7RC5	486.000000	59.000000	75.000000	247
87	HYP7RC6	302.189147	59.000000	79.255814	248
557	HYP7V1	1325.000000	112.000000	59.000000	249
558	HYP7V2	1287.000000	111.000000	62.000000	250
217	HYP8	171.000000	71.000000	62.000000	251
218	HYP9	139.000000	74.000000	64.000000	252
301	I1L	1385.976163	79.960272	51.071510	253
285	I1R	1388.996641	79.994401	71.988802	254
275	I2L	1351.000000	87.000000	47.000000	255
273	I2R	1355.000000	84.000000	77.000000	256
262	I3	1331.000000	59.000000	60.000000	257
249	I4	1159.000000	48.000000	64.000000	258
244	I5	1139.000000	90.000000	67.000000	259
239	I6	1140.000000	51.000000	49.000000	260
486	IL1DL	1309.000000	52.000000	60.000000	261
485	IL1DR	1311.071856	53.035928	69.323353	262
464	IL1L	1314.000000	73.000000	41.000000	263
480	IL1R	1326.000000	76.000000	85.000000	264
496	IL1VL	1307.011198	105.001120	61.006719	265
495	IL1VR	1296.941038	103.994104	65.241745	266
487	IL2DL	1336.000000	41.000000	54.000000	267
489	IL2DR	1337.994401	43.005599	73.010078	268
454	IL2L	1332.000000	69.000000	37.000000	269
470	IL2R	1343.006726	69.983184	90.006726	270
498	IL2VL	1317.976378	104.976378	53.983127	271
499	IL2VR	1320.921022	105.881533	66.138211	272
507	ILSHDL	1355.000000	56.000000	38.000000	273
521	ILSHDR	1378.000000	58.000000	80.000000	274
513	ILSHL	1377.000000	82.000000	40.000000	275
527	ILSHR	1378.000000	81.000000	84.000000	276
554	ILSHVL	1413.000000	100.000000	52.000000	277
550	ILSHVR	1404.000000	101.000000	63.000000	278
537	ILSODL	1441.000000	46.000000	55.000000	279
539	ILSODR	1455.085006	46.198347	68.170012	280
511	ILSOL	1395.051136	76.931818	37.965909	281
525	ILSOR	1406.000000	79.000000	85.000000	282
553	ILSOVL	1438.000000	99.000000	52.000000	283
549	ILSOVR	1421.000000	103.000000	64.000000	284
67	IML	362.000000	81.000000	52.000000	285
113	IMR	360.000000	82.000000	74.000000	286
21	IND2	978.000000	46.000000	66.000000	287
22	IND3	926.000000	42.000000	63.000000	288
25	IND4	852.000000	48.000000	62.000000	289
26	IND5	779.000000	43.000000	64.000000	290
29	IND6	641.000000	54.000000	58.000000	291
31	IND7	551.000000	56.000000	58.000000	292
33	IND8	446.000000	57.000000	61.000000	293
35	IND9	365.000000	51.000000	57.000000	294
16	INDL1	1022.000000	53.000000	48.000000	295
18	INDR1	1023.000000	43.000000	74.000000	296
20	INV2	975.000000	92.000000	56.000000	297
23	INV3	915.000000	87.000000	66.000000	298
24	INV4	830.000000	82.000000	65.000000	299
27	INV5	737.000000	66.000000	54.000000	300
28	INV6	684.000000	65.000000	66.000000	301
30	INV7	589.000000	81.000000	58.000000	302
32	INV8	486.000000	81.000000	58.000000	303
34	INV9	367.062863	79.982592	63.943907	304
17	INVL1	1047.000000	90.000000	50.000000	305
19	INVR1	1018.000000	85.000000	76.000000	306
182	K	290.000000	56.000000	53.000000	307
193	K'	296.000000	59.000000	71.000000	308
176	LUAL	264.000000	58.983127	52.966254	309
188	LUAR	265.012600	61.974800	73.126002	310
81	M	565.000000	61.000000	75.000000	311
240	M1	1140.000000	46.000000	76.000000	312
248	M2L	1150.981962	78.977452	53.959414	313
247	M2R	1151.989876	74.969629	80.020247	314
261	M3L	1307.979753	88.983127	53.026997	315
260	M3R	1308.000000	86.000000	70.000000	316
259	M4	1308.000000	68.000000	60.000000	317
232	M5	1108.000000	50.000000	50.000000	318
278	MC1DL	1362.965909	62.051136	49.931818	319
277	MC1DR	1362.990991	62.016892	74.971847	320
276	MC1V	1368.795424	92.306864	61.444145	321
258	MC2DL	1179.000000	69.000000	63.000000	322
257	MC2DR	1184.000000	68.000000	77.000000	323
256	MC2V	1179.670013	85.002509	70.247177	324
238	MC3DL	1112.000000	62.000000	46.000000	325
237	MC3DR	1112.000000	53.000000	81.000000	326
236	MC3V	1105.000000	89.000000	64.000000	327
274	MCL	1359.000000	81.000000	54.000000	328
272	MCR	1355.000000	80.516987	70.033973	329
265	MI	1344.102815	53.795594	61.847001	330
264	NSML	1335.000000	87.000000	50.000000	331
263	NSMR	1335.000000	87.000000	73.000000	332
459	OLLL	1314.000000	59.000000	47.000000	333
475	OLLR	1318.000000	63.000000	78.000000	334
514	OLLSHL	1348.000000	76.000000	36.000000	335
528	OLLSHR	1355.000000	80.000000	88.000000	336
509	OLLSOL	1341.000000	55.000000	43.000000	337
523	OLLSOR	1366.000000	58.000000	85.000000	338
483	OLQDL	1298.983184	47.993274	55.993274	339
484	OLQDR	1299.000000	48.000000	71.000000	340
508	OLQSHDL	1334.579618	58.210191	37.649682	341
522	OLQSHDR	1353.000000	60.000000	88.000000	342
515	OLQSHVL	1363.000000	74.000000	37.000000	343
529	OLQSHVR	1367.000000	74.000000	89.000000	344
538	OLQSODL	1421.000000	44.000000	57.000000	345
540	OLQSODR	1429.000000	45.000000	67.000000	346
512	OLQSOVL	1389.000000	85.000000	42.000000	347
526	OLQSOVR	1392.000000	85.000000	82.000000	348
462	OLQVL	1296.000000	90.000000	44.000000	349
478	OLQVR	1297.000000	88.000000	78.000000	350
49	P1/2L	908.000000	89.000000	40.000000	351
69	P1/2R	904.000000	81.000000	88.000000	352
65	P11/12L	344.000000	77.000000	46.000000	353
86	P11/12R	328.000000	78.000000	79.000000	354
53	P3/4L	817.000000	85.000000	42.000000	355
72	P3/4R	817.000000	77.000000	88.000000	356
56	P5/6L	729.000000	79.000000	42.000000	357
75	P5/6R	714.000000	77.000000	85.000000	358
59	P7/8L	575.000000	85.000000	42.000000	359
78	P7/8R	597.000000	80.000000	81.000000	360
63	P9/10L	469.000000	83.000000	42.000000	361
83	P9/10R	472.000000	80.000000	75.000000	362
178	PHAL	276.000000	75.000000	50.000000	363
190	PHAR	274.000000	78.000000	73.000000	364
177	PHBL	280.000000	64.000000	50.000000	365
189	PHBR	277.000000	65.000000	75.000000	366
173	PHSHL	233.000000	66.000000	58.000000	367
185	PHSHR	234.000000	65.000000	69.000000	368
172	PLML	215.000000	71.000000	58.000000	369
184	PLMR	211.000000	74.000000	69.000000	370
279	PM1DL	1367.238842	56.000000	57.721351	371
284	PM1DR	1361.000000	56.000000	65.000000	372
280	PM1L	1370.000000	72.000000	49.000000	373
283	PM1R	1369.000000	76.000000	74.000000	374
281	PM1VL	1371.000000	89.000000	52.000000	375
282	PM1VR	1371.000000	89.000000	69.000000	376
297	PM2D1	1470.000000	55.000000	59.000000	377
296	PM2D2	1456.000000	57.000000	61.000000	378
306	PM2VL1	1477.000000	81.000000	50.000000	379
305	PM2VL2	1463.000000	82.000000	49.000000	380
290	PM2VR1	1476.000000	82.000000	70.000000	381
289	PM2VR2	1465.784382	82.000000	70.000000	382
299	PM3DL	1432.000000	62.000000	56.000000	383
293	PM3DR	1412.000000	59.000000	68.000000	384
302	PM3L	1403.916182	73.811409	51.000000	385
286	PM3R	1404.000000	75.000000	74.000000	386
300	PM3VL	1428.920000	87.057143	55.068571	387
292	PM3VR	1437.000000	88.000000	68.000000	388
267	PM4DL	1344.010124	59.013498	53.033746	389
266	PM4DR	1341.000000	58.000000	70.000000	390
269	PM4L	1344.000000	74.000000	47.000000	391
268	PM4R	1344.000000	74.000000	77.000000	392
271	PM4VL	1347.983051	94.039548	55.045198	393
270	PM4VR	1348.000000	95.000000	71.000000	394
251	PM5DL	1167.000000	56.000000	61.000000	395
250	PM5DR	1167.000000	55.000000	73.000000	396
253	PM5L	1164.984287	71.997755	58.020202	397
252	PM5R	1165.000000	70.000000	80.000000	398
255	PM5VL	1155.000000	84.000000	63.000000	399
254	PM5VR	1155.000000	84.000000	74.000000	400
241	PM6D	1140.000000	46.000000	63.000000	401
243	PM6VL	1136.000000	80.000000	54.000000	402
242	PM6VR	1137.000000	75.000000	78.000000	403
233	PM7D	1117.000000	41.000000	61.000000	404
235	PM7VL	1110.000000	81.000000	51.000000	405
234	PM7VR	1111.000000	74.000000	81.000000	406
228	PM8	1087.000000	74.000000	67.000000	407
175	PVCL	254.000000	68.000000	54.000000	408
187	PVCR	254.000000	71.000000	73.000000	409
206	PVPL	337.000000	85.000000	55.000000	410
208	PVPR	326.000000	83.000000	68.000000	411
179	PVQL	295.000000	73.000000	48.000000	412
191	PVQR	293.000000	75.000000	75.000000	413
214	PVR	187.000000	57.000000	67.000000	414
209	PVT	345.000000	87.000000	67.000000	415
60	QL	532.000000	71.000000	44.000000	416
80	QR	561.000000	76.000000	82.000000	417
195	REPD	298.000000	50.000000	61.000000	418
180	REPVL	314.000000	72.000000	50.000000	419
192	REPVR	313.000000	71.000000	71.000000	420
336	RIAL	1235.000000	52.000000	52.000000	421
378	RIAR	1244.000000	51.000000	79.000000	422
342	RIBL	1201.000000	66.000000	50.000000	423
384	RIBR	1207.000000	66.000000	82.000000	424
319	RICL	1178.000000	81.000000	40.000000	425
359	RICR	1177.000000	80.000000	93.000000	426
392	RID	1272.000000	35.000000	63.000000	427
441	RIFL	1143.000000	106.000000	59.000000	428
442	RIFR	1137.000000	103.000000	74.000000	429
444	RIGL	1123.000000	105.000000	56.000000	430
448	RIGR	1087.000000	100.000000	63.000000	431
389	RIH	1236.697194	92.838996	64.153619	432
343	RIML	1187.000000	73.000000	49.000000	433
385	RIMR	1192.000000	73.000000	86.000000	434
458	RIPL	1300.000000	65.000000	47.000000	435
474	RIPR	1303.000000	69.000000	76.000000	436
415	RIR	1228.928164	85.989738	72.917902	437
434	RIS	1164.000000	96.000000	73.000000	438
407	RIVL	1177.000000	51.000000	54.000000	439
402	RIVR	1181.000000	44.000000	77.000000	440
408	RMDDL	1240.000000	95.000000	48.000000	441
410	RMDDR	1247.000000	98.000000	81.000000	442
327	RMDL	1252.000000	79.000000	40.000000	443
369	RMDR	1258.000000	81.000000	88.000000	444
330	RMDVL	1265.000000	58.000000	41.000000	445
372	RMDVR	1276.000000	67.000000	88.000000	446
482	RMED	1292.618388	48.000000	63.114610	447
455	RMEL	1286.000000	66.000000	46.000000	448
471	RMER	1289.000000	70.000000	79.000000	449
491	RMEV	1263.000000	108.000000	63.000000	450
313	RMGL	1136.000000	82.000000	38.000000	451
355	RMGR	1142.000000	81.000000	92.000000	452
390	SAADL	1237.854033	93.927017	56.583867	453
391	SAADR	1240.000000	94.000000	72.000000	454
337	SAAVL	1252.838164	56.080918	49.676329	455
379	SAAVR	1256.984109	57.023837	78.079455	456
445	SABD	1119.000000	104.000000	73.000000	457
439	SABVL	1154.177700	104.980256	62.921022	458
440	SABVR	1145.204427	106.019531	67.563802	459
424	SIADL	1209.000000	87.000000	47.000000	460
419	SIADR	1209.000000	92.000000	87.000000	461
425	SIAVL	1193.000000	96.000000	47.000000	462
420	SIAVR	1198.000000	96.000000	81.000000	463
326	SIBDL	1238.000000	81.000000	40.000000	464
368	SIBDR	1244.000000	81.000000	88.000000	465
412	SIBVL	1230.000000	84.000000	49.000000	466
417	SIBVR	1236.000000	87.000000	81.000000	467
423	SMBDL	1209.000000	99.000000	50.000000	468
418	SMBDR	1216.039548	98.016949	79.045198	469
413	SMBVL	1221.079455	95.015891	55.976163	470
414	SMBVR	1222.033898	95.988701	69.949153	471
409	SMDDL	1225.280255	97.140127	48.509554	472
411	SMDDR	1230.000000	99.000000	81.000000	473
334	SMDVL	1244.000000	49.000000	44.000000	474
373	SMDVR	1258.060075	53.819775	86.480601	475
181	SPH	332.000000	72.000000	53.000000	476
171	TL	203.000000	61.000000	58.000000	477
183	TR	210.000000	60.000000	70.000000	478
203	U	303.000000	77.928164	59.917902	479
461	URADL	1321.000000	44.000000	54.000000	480
477	URADR	1324.000000	49.000000	79.000000	481
497	URAVL	1297.000000	104.000000	55.000000	482
494	URAVR	1304.000000	98.000000	75.000000	483
453	URBL	1309.861410	63.922342	38.830346	484
469	URBR	1318.947491	67.989498	87.134189	485
403	URXL	1243.000000	45.000000	60.000000	486
398	URXR	1249.000000	43.000000	72.000000	487
460	URYDL	1305.170012	51.085006	48.801653	488
476	URYDR	1306.975113	53.000000	79.062217	489
463	URYVL	1303.988802	79.006719	39.998880	490
479	URYVR	1311.000000	82.000000	83.000000	491
48	V1L	982.000000	75.000000	39.000000	492
68	V1R	963.000000	69.000000	88.000000	493
52	V2L	868.000000	82.000000	41.000000	494
71	V2R	864.000000	75.000000	88.000000	495
55	V3L	774.000000	77.000000	42.000000	496
74	V3R	768.000000	70.000000	88.000000	497
58	V4L	635.000000	81.000000	42.000000	498
77	V4R	641.000000	75.000000	85.000000	499
62	V5L	497.000000	78.000000	42.000000	500
82	V5R	501.000000	78.000000	77.000000	501
64	V6L	420.000000	73.000000	49.000000	502
85	V6R	409.000000	73.000000	79.000000	503
211	VIRL	325.000000	58.000000	56.000000	504
210	VIRR	325.000000	58.000000	66.215618	505
88	VL1	1431.930636	84.034682	39.843931	506
123	VL10	1019.000000	101.000000	51.000000	507
122	VL11	931.000000	97.000000	54.000000	508
121	VL12	896.000000	96.000000	50.000000	509
120	VL13	840.000000	96.000000	54.000000	510
116	VL14	802.000000	92.000000	51.000000	511
119	VL15	751.000000	91.000000	56.000000	512
115	VL16	654.000000	91.000000	52.000000	513
114	VL17	540.000000	90.000000	53.000000	514
112	VL18	426.000000	86.000000	54.000000	515
213	VL19	237.000000	78.000000	55.000000	516
89	VL2	1408.000000	93.000000	44.000000	517
90	VL3	1377.000000	97.000000	45.000000	518
91	VL4	1340.000000	94.000000	40.000000	519
92	VL5	1276.000000	101.000000	48.000000	520
93	VL6	1257.000000	93.000000	43.000000	521
126	VL7	1164.000000	103.000000	52.000000	522
125	VL8	1129.020247	98.979753	48.976378	523
124	VL9	1081.000000	99.000000	51.000000	524
227	VPI1	1086.000000	42.000000	61.000000	525
226	VPI2DL	1082.000000	61.000000	50.000000	526
225	VPI2DR	1085.000000	51.000000	80.000000	527
224	VPI2V	1080.913793	80.086207	73.086207	528
222	VPI3D	1076.756184	45.081272	62.027091	529
223	VPI3V	1073.844807	72.844807	71.977830	530
100	VR1	1450.017957	86.008979	80.015713	531
138	VR10	1053.000000	98.000000	81.000000	532
137	VR11	979.000000	99.000000	76.000000	533
134	VR12	933.965318	88.930636	83.156069	534
133	VR13	870.000000	94.000000	77.000000	535
132	VR14	826.000000	92.000000	79.000000	536
131	VR15	774.000000	86.000000	77.000000	537
130	VR16	681.000000	88.000000	74.000000	538
129	VR17	591.000000	90.000000	72.000000	539
128	VR18	520.000000	88.000000	71.000000	540
127	VR19	413.000000	88.000000	70.000000	541
101	VR2	1410.000000	98.000000	77.000000	542
212	VR20	237.000000	78.000000	69.000000	543
102	VR3	1376.000000	102.000000	75.000000	544
103	VR4	1332.996637	95.013453	81.013453	545
104	VR5	1284.000000	102.000000	79.000000	546
105	VR6	1273.000000	93.000000	84.000000	547
141	VR7	1174.981797	103.072810	78.063709	548
140	VR8	1134.981797	95.936291	82.072810	549
139	VR9	1086.000000	96.000000	78.000000	550
437	W	1181.000000	106.000000	63.000000	551
465	XXXL	1325.000000	80.000000	38.000000	552
481	XXXR	1339.000000	80.000000	86.000000	553
202	YPDA	291.000000	90.000000	60.000000	554
36	Z1	750.000000	78.000000	76.000000	555
37	Z2	727.000000	76.000000	75.000000	556
38	Z3	708.000000	84.000000	62.000000	557
39	Z4	683.000000	87.000000	54.000000	558
