label_number	label_name	x	y	z	Aligned_No
259	ADAL	1053.375068	47.664856	89.139326	1
484	ADAR	1010.000000	56.000000	35.000000	2
248	ADEL	1056.636000	61.605714	85.905143	3
4	ADER	1039.394100	58.292513	33.483440	4
247	ADESHL	998.461556	56.384209	85.160891	5
485	ADESHR	998.000000	89.000000	34.000000	6
212	ADFL	1129.520281	79.790698	75.252028	7
504	ADFR	1129.000000	94.000000	39.000000	8
163	ADLL	1111.919687	97.040940	65.268009	9
547	ADLR	1109.923058	94.953685	53.364044	10
489	AFDL	1142.984066	77.940608	86.092226	11
482	AFDR	1145.000733	82.997801	33.995601	12
522	AIAL	1122.000000	50.000000	67.000000	13
523	AIAR	1120.965318	48.069364	54.156069	14
207	AIBL	1132.927327	63.233261	74.104790	15
56	AIBR	1131.459196	75.168697	43.574604	16
534	AIML	1074.994350	41.977401	65.943503	17
88	AIMR	1079.246527	41.883506	50.278945	18
243	AINL	1063.040103	74.489780	85.756792	19
10	AINR	1054.112123	73.686264	32.833767	20
535	AIYL	1076.000000	46.000000	76.000000	21
37	AIYR	1083.895984	50.142808	40.948507	22
510	AIZL	1075.000000	65.000000	77.000000	23
486	AIZR	1070.000000	66.000000	37.000000	24
146	ALA	1161.910616	100.192673	62.822776	25
234	ALML	741.321596	98.871406	81.533987	26
30	ALMR	750.893524	92.743720	41.035492	27
327	ALNL	237.000000	84.000000	69.000000	28
100	ALNR	235.338746	78.600224	52.908455	29
545	AMSHL	1040.607321	83.113031	87.951391	30
540	AMSHR	1046.366430	91.564799	33.802048	31
235	AMSOL	1296.899105	75.391789	80.337847	32
49	AMSOR	1327.837047	79.764308	41.487986	33
237	ARCADL	1340.093210	58.651740	82.031881	34
35	ARCADR	1351.958146	73.969260	39.625916	35
473	ARCAV	1411.000000	48.000000	56.000000	36
198	ARCPD	1379.051414	92.814578	73.150527	37
426	ARCPDL	1322.000000	77.000000	76.000000	38
60	ARCPDR	1306.532254	82.834422	44.387830	39
475	ARCPV	1383.000000	45.000000	53.000000	40
430	ARCPVL	1321.000000	52.000000	80.000000	41
445	ARCPVR	1338.000000	65.000000	39.000000	42
487	ASEL	1101.403240	71.676329	86.674623	43
13	ASER	1098.842836	82.754834	32.775905	44
219	ASGL	1103.667230	87.038884	77.148493	45
537	ASGR	1101.000000	95.000000	41.000000	46
254	ASHL	1119.378086	71.035784	86.400000	47
2	ASHR	1119.248394	78.202474	31.391625	48
506	ASIL	1097.000000	85.000000	65.000000	49
505	ASIR	1090.934734	89.045011	53.879220	50
261	ASJL	1101.629640	53.203881	86.847300	51
14	ASJR	1099.400267	62.013867	33.634667	52
174	ASKL	1132.261519	97.672271	70.665421	53
503	ASKR	1131.000000	97.000000	52.000000	54
256	AUAL	1116.744491	51.266528	86.746873	55
1	AUAR	1117.293588	59.318335	31.620360	56
253	AVAL	1162.478417	69.765588	86.311751	57
17	AVAR	1163.792719	79.134175	33.842043	58
499	AVBL	1081.000000	84.000000	74.000000	59
501	AVBR	1077.000000	86.000000	42.000000	60
488	AVDL	1083.970480	70.003690	86.036900	61
12	AVDR	1079.984264	76.536520	32.347090	62
508	AVEL	1152.634043	66.531915	75.357447	63
57	AVER	1150.450339	73.434161	44.138450	64
530	AVG	1035.000000	31.000000	59.000000	65
241	AVHL	1093.079988	87.677686	84.143447	66
18	AVHR	1087.337213	95.368355	34.614973	67
498	AVJL	1077.925969	81.952996	84.233843	68
500	AVJR	1067.946627	86.000000	32.946627	69
215	AVKL	1060.999359	41.903877	75.830503	70
52	AVKR	1052.391861	42.169675	43.055464	71
524	AVL	1118.000000	62.000000	44.000000	72
173	AWAL	1115.613479	85.083638	70.034917	73
61	AWAR	1116.288592	81.883010	45.155340	74
245	AWBL	1118.808612	87.183014	83.587919	75
24	AWBR	1114.643982	96.061813	36.216939	76
262	AWCL	1136.716352	60.267408	88.671190	77
9	AWCR	1135.890592	67.559663	32.261797	78
179	B	261.731243	60.040418	68.441347	79
436	BAGL	1206.275948	59.940489	83.243712	80
16	BAGR	1203.299893	62.749866	34.995987	81
239	BDUL	928.582213	66.334901	82.773073	82
34	BDUR	912.771164	67.756952	40.453759	83
230	CANL	650.573964	71.704622	82.557332	84
29	CANR	682.303984	67.061030	39.699514	85
419	CCLA	685.000000	43.000000	79.000000	86
399	CCLP	650.000000	48.000000	81.000000	87
53	CCRA	871.571816	46.988648	43.658440	88
76	CCRP	852.565934	42.638901	51.492967	89
206	CEPDL	1171.354245	97.846309	75.321744	90
495	CEPDR	1165.000000	103.000000	47.000000	91
226	CEPSHDL	1194.857869	79.996520	76.779979	92
51	CEPSHDR	1193.242515	88.234431	41.645210	93
557	CEPSHVL	1192.258242	49.871272	78.741758	94
27	CEPSHVR	1187.583659	58.483929	36.632022	95
444	CEPSODL	1243.000000	82.000000	74.000000	96
452	CEPSODR	1239.000000	88.000000	41.000000	97
223	CEPSOVL	1226.386099	41.881479	75.202089	98
45	CEPSOVR	1229.436804	47.826150	39.700242	99
453	CEPVL	1192.078217	35.375946	61.525652	100
454	CEPVR	1191.000000	37.033746	50.983127	101
137	DA1	983.131363	30.631949	61.457870	102
142	DA2	917.205492	31.409588	62.538981	103
384	DA3	843.000000	32.000000	65.000000	104
156	DA4	745.869639	32.948236	67.684344	105
150	DA5	634.735004	32.572342	66.022818	106
152	DA6	504.812469	37.285644	67.109598	107
195	DA7	381.609582	48.400000	70.864628	108
335	DA8	308.986547	60.996637	73.013453	109
121	DA9	303.092583	52.316368	59.650895	110
127	DB1	1018.037433	30.594841	59.417427	111
111	DB2	1090.408339	30.063534	58.028458	112
147	DB3	946.077949	31.860487	63.457865	113
157	DB4	814.520265	32.881629	68.640152	114
385	DB5	677.000000	37.000000	65.000000	115
164	DB6	541.649387	38.263134	67.607035	116
167	DB7	404.972290	45.780378	69.989515	117
529	DD1	1028.956916	32.005669	69.066893	118
135	DD2	878.539222	29.887497	62.388926	119
151	DD3	725.108700	36.167974	67.152654	120
158	DD4	570.918784	38.994236	67.210637	121
166	DD5	434.563973	47.903284	69.239371	122
336	DD6	316.933254	63.200238	65.233611	123
332	DEP	247.000000	81.000000	60.000000	124
240	DL1	1351.091707	76.698917	80.614120	125
228	DL10	955.540404	104.229618	77.181277	126
171	DL11	892.910767	106.694805	70.403854	127
367	DL12	840.268020	106.627150	75.774973	128
184	DL13	786.932399	109.373954	73.368302	129
368	DL14	722.718552	106.740233	72.727961	130
369	DL15	683.405735	105.036351	70.587266	131
175	DL16	614.035850	97.992626	70.158912	132
370	DL17	546.600119	102.316680	65.177150	133
124	DL18	478.973030	97.804256	62.521702	134
126	DL19	415.993312	99.280904	60.183118	135
361	DL2	1320.433779	87.077461	78.089915	136
371	DL20	372.828121	98.490071	63.749601	137
123	DL21	213.829016	82.809585	59.789076	138
221	DL3	1295.051905	92.083932	75.031474	139
362	DL4	1255.886261	87.533408	81.268393	140
363	DL5	1207.850765	101.249070	73.666804	141
364	DL6	1193.113290	91.371242	80.696732	142
365	DL7	1067.883956	102.693576	71.473259	143
366	DL8	1037.951803	102.792217	75.734916	144
199	DL9	995.220872	101.796467	74.119754	145
383	DR1	1356.894157	84.510254	44.161191	146
376	DR10	979.234875	101.381604	45.967150	147
86	DR11	920.130451	106.174621	52.013476	148
71	DR12	855.763210	104.191938	47.724351	149
375	DR13	825.000000	108.000000	53.000000	150
374	DR14	770.000000	102.000000	46.000000	151
87	DR15	722.239795	107.050636	52.200758	152
66	DR16	647.840009	93.245661	46.225634	153
373	DR17	582.277318	95.484813	47.717751	154
70	DR18	527.198563	94.694971	47.152188	155
372	DR19	451.025574	90.467932	43.566833	156
74	DR2	1323.370336	91.414679	47.566667	157
65	DR20	392.246547	88.791134	45.992157	158
81	DR21	272.584272	83.501460	51.116187	159
85	DR3	1290.439541	97.546724	50.002477	160
382	DR4	1244.875415	98.648256	44.301910	161
381	DR5	1189.282581	104.399749	49.630326	162
380	DR6	1181.988701	97.966102	39.949153	163
378	DR7	1070.000000	106.000000	51.000000	164
67	DR8	1031.604794	106.233015	45.915480	165
377	DR9	1001.000000	107.000000	48.000000	166
144	DVA	262.764671	76.167457	61.461174	167
160	DVC	240.564994	66.696191	66.843108	168
313	E1D	1353.488565	85.029106	61.983368	169
317	E1VL	1358.512195	54.512195	70.466125	170
316	E1VR	1358.000000	60.000000	47.000000	171
162	E2D	1423.192308	88.138254	65.864657	172
180	E2VL	1428.856816	61.679267	70.691294	173
96	E2VR	1421.648654	66.328427	52.688814	174
308	E3D	1299.327187	86.652529	60.461275	175
311	E3VL	1330.000000	51.000000	69.000000	176
312	E3VR	1334.916484	57.835165	47.180220	177
521	EXC	1093.000000	44.000000	74.000000	178
188	EXC/DUCT	1106.883338	52.155899	72.605807	179
356	EXC/GL/L	1011.976694	36.245576	77.372464	180
43	EXC/GL/R	1004.324604	44.217676	42.094108	181
145	F	282.108728	72.321120	63.189753	182
246	FLPL	1069.077667	52.462589	87.393172	183
3	FLPR	1058.291801	56.506266	32.669531	184
110	G1	1142.874352	28.958524	57.166209	185
211	G1AL	1051.657929	74.659764	73.091219	186
277	G1AR	1050.000000	82.000000	45.000000	187
266	G1P	992.000000	87.000000	53.000000	188
120	G2	1127.094872	34.361905	59.617216	189
268	G2L	999.000000	49.000000	68.000000	190
267	G2R	998.000000	56.000000	50.000000	191
492	GLRDL	1169.000000	87.000000	66.000000	192
493	GLRDR	1170.142857	91.214286	52.285714	193
515	GLRL	1158.000000	59.000000	71.000000	194
80	GLRR	1159.918367	66.084230	47.795547	195
514	GLRVL	1164.041998	50.938706	64.958002	196
516	GLRVR	1162.011198	53.006719	46.998880	197
539	H0L	1292.407921	60.897030	85.894257	198
19	H0R	1305.168158	70.178285	34.954074	199
558	H1L	1184.000000	54.000000	87.000000	200
544	H1R	1213.389071	73.445173	30.909290	201
538	H2L	1022.171032	59.018960	89.793198	202
7	H2R	1025.360379	69.485332	31.505570	203
379	HMC	1079.000000	99.000000	62.000000	204
400	HSNL	622.000000	52.000000	81.000000	205
62	HSNR	623.079877	42.566052	45.322773	206
324	HYP101	89.198077	71.197463	57.204011	207
131	HYP102	62.046086	67.910646	60.987925	208
122	HYP11	133.761034	75.635785	61.197813	209
244	HYP1L	1276.226384	76.795524	82.355006	210
50	HYP1R	1288.776551	85.287756	42.346866	211
128	HYP1V	1371.566698	40.722686	61.286908	212
425	HYP2L	1325.072772	68.803465	83.170792	213
474	HYP2V	1395.041328	46.003690	60.022878	214
134	HYP31	1410.696741	97.868918	63.031649	215
125	HYP32	1391.627477	97.938939	60.404124	216
169	HYP4D	1467.812364	89.966423	66.746198	217
148	HYP4V1	1472.042516	56.046058	63.399247	218
468	HYP4V2	1437.343877	49.207411	60.715093	219
242	HYP5L	1396.656942	67.378592	81.927396	220
59	HYP5R	1406.711987	76.524602	42.522198	221
463	HYP6D1	1369.114954	100.231434	64.345880	222
462	HYP6D2	1331.838743	98.308089	62.676455	223
154	HYP6D3	1289.578397	98.842741	63.169338	224
461	HYP6D4	1255.396825	103.107197	61.320287	225
469	HYP6V1	1321.739542	33.949203	53.845120	226
470	HYP6V2	1283.000000	34.000000	54.000000	227
325	HYP71	186.237733	57.871036	69.604429	228
139	HYP72	167.298689	62.800231	63.573081	229
422	HYP7ABLD	986.000000	80.304887	90.241074	230
263	HYP7ABLV	978.409187	55.240051	89.259314	231
39	HYP7ABR3	938.835038	75.298593	40.353101	232
20	HYP7ABRD	980.630793	81.600669	35.776262	233
420	HYP7ABRV	956.974511	61.928596	38.117144	234
460	HYP7D1	1213.108333	107.811806	63.159028	235
459	HYP7D2	1131.464470	107.264291	62.348801	236
258	HYP7LC1	888.808382	84.015523	84.105381	237
423	HYP7LC2	783.327377	88.329611	86.607211	238
250	HYP7LC3	688.288552	90.428058	84.538161	239
227	HYP7LC4	556.774975	88.750631	78.770938	240
205	HYP7LC5	439.133514	94.696577	73.153694	241
334	HYP7LC6	282.997546	93.225521	73.553129	242
404	HYP7RC1	850.618306	81.191959	37.484824	243
36	HYP7RC2	773.981558	79.683890	39.128182	244
403	HYP7RC3	658.520185	74.031594	37.356470	245
38	HYP7RC4	549.976448	78.597024	40.187256	246
421	HYP7RC5	430.709845	73.331902	39.890748	247
341	HYP7RC6	268.120015	74.637371	45.630355	248
471	HYP7V1	1222.000000	27.000000	55.000000	249
472	HYP7V2	1191.000000	26.000000	56.000000	250
108	HYP8	146.863249	66.939663	58.648572	251
116	HYP9	109.928204	66.027294	59.753758	252
168	I1L	1299.902484	55.531739	68.126342	253
92	I1R	1302.052632	58.980263	49.880383	254
297	I2L	1265.907341	49.885680	73.774970	255
295	I2R	1268.000000	54.000000	42.000000	256
132	I3	1241.757875	82.318206	59.547250	257
278	I4	1061.979753	88.016873	60.026997	258
102	I5	1040.593330	47.140415	56.822590	259
275	I6	1042.000000	88.000000	74.000000	260
552	IL1DL	1225.143300	91.114640	64.257940	261
553	IL1DR	1220.000000	87.000000	55.000000	262
437	IL1L	1224.718775	58.081386	75.631749	263
22	IL1R	1223.027229	64.328363	39.748136	264
455	IL1VL	1206.000000	34.000000	59.000000	265
457	IL1VR	1223.174419	36.401993	52.621262	266
170	IL2DL	1239.334632	96.511203	68.488553	267
548	IL2DR	1232.000000	98.000000	51.000000	268
434	IL2L	1241.000000	67.000000	86.000000	269
8	IL2R	1250.172488	70.942096	31.938113	270
458	IL2VL	1223.078652	32.389801	64.720830	271
93	IL2VR	1239.878768	31.737776	51.965841	272
428	ILSHDL	1250.238499	77.858354	82.269976	273
450	ILSHDR	1273.000000	88.000000	39.000000	274
432	ILSHL	1269.000000	52.000000	85.000000	275
447	ILSHR	1286.108696	64.941648	36.022883	276
477	ILSHVL	1332.000000	36.000000	60.000000	277
479	ILSHVR	1342.000000	38.000000	51.000000	278
464	ILSODL	1357.000000	92.000000	72.000000	279
466	ILSODR	1366.000000	94.000000	55.000000	280
431	ILSOL	1302.152709	48.884236	79.948276	281
446	ILSOR	1320.000000	59.000000	38.000000	282
476	ILSOVL	1350.020619	35.994845	61.025773	283
478	ILSOVR	1359.000000	38.000000	51.000000	284
229	IML	344.314685	69.981965	77.892529	285
91	IMR	351.147261	52.284481	51.907698	286
413	IND2	872.422639	91.545279	52.701024	287
414	IND3	817.781477	94.625092	65.359373	288
119	IND4	759.531925	94.039503	61.833789	289
98	IND5	691.845036	89.604289	53.269226	290
140	IND6	568.288717	88.083059	63.841836	291
101	IND7	474.265773	82.373119	55.430396	292
117	IND8	397.111704	85.668595	59.975375	293
415	IND9	345.785359	91.116738	63.067342	294
411	INDL1	918.896466	91.640726	74.679637	295
412	INDR1	930.463949	93.009698	45.904849	296
418	INV2	873.187281	44.837215	72.324001	297
129	INV3	809.099638	53.501948	61.389647	298
417	INV4	730.223889	55.713577	62.450866	299
190	INV5	657.294539	70.749862	71.739382	300
79	INV6	602.128867	67.268900	51.297711	301
416	INV7	518.872864	55.036353	65.511508	302
106	INV8	424.948306	60.369818	60.648003	303
107	INV9	353.289137	62.052453	60.688036	304
410	INVL1	929.000000	48.000000	79.000000	305
408	INVR1	923.069525	49.238829	48.374549	306
161	K	279.043062	86.228658	66.199194	307
333	K'	292.000000	77.000000	52.000000	308
197	LUAL	254.884518	84.402602	72.643401	309
331	LUAR	250.000000	68.000000	50.000000	310
407	M	504.752368	73.365134	45.678655	311
82	M1	1036.020608	93.972522	49.778459	312
196	M2L	1056.674493	56.575426	71.777099	313
63	M2R	1053.301225	62.433962	44.497517	314
153	M3L	1223.086797	46.030526	64.230599	315
90	M3R	1223.549784	49.244228	49.929654	316
115	M4	1219.540304	67.735300	57.978833	317
204	M5	1008.301506	88.502179	75.510499	318
301	MC1DL	1274.983051	76.960452	72.045198	319
300	MC1DR	1275.960511	77.861789	47.861789	320
299	MC1V	1275.538642	45.283763	58.782592	321
285	MC2DL	1084.560348	67.588725	63.814605	322
286	MC2DR	1083.547744	69.249931	52.758926	323
287	MC2V	1085.184521	49.751153	56.473603	324
231	MC3DL	1011.225935	76.193607	79.756266	325
272	MC3DR	1014.703433	86.674580	43.983565	326
273	MC3V	1009.862374	47.989947	56.571326	327
298	MCL	1269.000000	57.000000	68.000000	328
296	MCR	1270.000000	60.000000	51.000000	329
290	MI	1259.104637	89.180737	59.034483	330
289	NSML	1248.000000	48.000000	69.000000	331
288	NSMR	1249.000000	53.000000	46.000000	332
442	OLLL	1226.000000	73.000000	74.000000	333
542	OLLR	1226.016949	78.943503	41.983051	334
260	OLLSHL	1258.731989	57.527759	87.460344	335
448	OLLSHR	1276.000000	70.000000	34.000000	336
429	OLLSOL	1228.142857	83.826645	83.427769	337
451	OLLSOR	1253.000000	86.000000	38.000000	338
555	OLQDL	1211.000000	89.000000	66.000000	339
549	OLQDR	1206.983051	94.237288	49.104302	340
427	OLQSHDL	1260.000000	70.000000	88.000000	341
449	OLQSHDR	1265.956264	80.956264	32.958488	342
439	OLQSHVL	1245.000000	54.000000	81.000000	343
6	OLQSHVR	1261.468731	64.088903	33.242489	344
465	OLQSODL	1335.000000	91.000000	71.000000	345
467	OLQSODR	1344.000000	96.000000	54.000000	346
433	OLQSOVL	1289.000000	48.000000	79.000000	347
32	OLQSOVR	1299.873345	55.323792	38.603220	348
200	OLQVL	1202.218912	47.230894	72.985427	349
54	OLQVR	1204.339062	51.306250	43.157812	350
391	P1/2L	852.262911	51.832864	90.296901	351
31	P1/2R	837.919731	51.029628	40.509141	352
338	P11/12L	313.324061	72.241655	82.469402	353
339	P11/12R	329.645961	55.959914	48.212362	354
393	P3/4L	759.177422	58.687626	86.990807	355
46	P3/4R	761.527318	52.430860	41.539064	356
395	P5/6L	665.991695	53.903517	85.369809	357
402	P5/6R	679.000000	48.000000	41.000000	358
252	P7/8L	551.139885	57.493702	83.254962	359
405	P7/8R	557.204969	46.459627	45.983924	360
233	P9/10L	427.963836	67.190023	79.633032	361
77	P9/10R	433.237148	51.627113	49.540493	362
217	PHAL	270.463063	68.678225	77.763084	363
113	PHAR	274.507812	57.030000	58.228125	364
218	PHBL	266.377526	81.636670	78.370067	365
78	PHBR	262.767824	63.153108	51.928702	366
191	PHSHL	223.765522	75.867056	71.411493	367
104	PHSHR	223.502725	70.710082	55.813624	368
172	PLML	209.922379	67.215821	72.229159	369
130	PLMR	217.837793	59.660414	61.561103	370
303	PM1DL	1278.000000	84.000000	64.000000	371
302	PM1DR	1278.000000	85.045067	54.594397	372
304	PM1L	1282.000000	64.000000	74.000000	373
307	PM1R	1285.000000	68.000000	47.000000	374
305	PM1VL	1281.000000	50.000000	68.000000	375
306	PM1VR	1283.000000	55.000000	49.000000	376
319	PM2D1	1397.000000	87.000000	63.000000	377
318	PM2D2	1379.000000	86.000000	62.000000	378
323	PM2VL1	1402.000000	59.000000	71.000000	379
322	PM2VL2	1384.000000	57.000000	71.000000	380
321	PM2VR1	1395.000000	65.000000	49.000000	381
320	PM2VR2	1380.000000	62.000000	49.000000	382
314	PM3DL	1344.791468	75.115250	66.075454	383
310	PM3DR	1325.000000	79.500000	54.000000	384
309	PM3L	1321.000000	61.000000	69.000000	385
84	PM3R	1322.983774	67.037736	50.024528	386
536	PM3VL	1350.000000	49.500000	66.000000	387
315	PM3VR	1357.451001	55.937829	52.063224	388
291	PM4DL	1257.000000	84.000000	68.000000	389
294	PM4DR	1255.000000	83.000000	52.000000	390
208	PM4L	1255.278887	62.849427	73.982651	391
73	PM4R	1259.209530	68.974071	45.541696	392
292	PM4VL	1260.000000	42.000000	65.000000	393
293	PM4VR	1262.000000	44.000000	50.000000	394
282	PM5DL	1071.000000	79.000000	67.000000	395
283	PM5DR	1068.000000	83.000000	52.000000	396
281	PM5L	1068.684145	61.836454	69.631710	397
284	PM5R	1065.835966	68.081409	46.352369	398
280	PM5VL	1058.000000	50.000000	62.000000	399
279	PM5VR	1059.035928	52.071856	52.676647	400
274	PM6D	1041.000000	94.000000	60.000000	401
189	PM6VL	1034.440513	54.681336	72.691729	402
276	PM6VR	1034.000000	61.000000	46.000000	403
269	PM7D	1016.000000	96.000000	65.000000	404
270	PM7VL	1014.000000	55.000000	75.000000	405
271	PM7VR	1012.000000	64.000000	46.000000	406
265	PM8	988.339281	59.404706	63.281614	407
202	PVCL	247.473774	74.108529	76.473348	408
330	PVCR	241.982043	60.984287	54.008979	409
181	PVPL	328.392304	59.780610	73.447276	410
337	PVPR	318.819775	57.060075	58.480601	411
232	PVQL	284.781084	78.225717	79.061637	412
340	PVQR	285.000000	62.000000	52.000000	413
109	PVR	175.571823	75.245067	58.800118	414
143	PVT	334.287441	50.558531	61.628436	415
397	QL	501.692878	72.453635	80.006491	416
58	QR	509.968243	54.842495	44.755768	417
118	REPD	294.685653	88.315422	59.506179	418
203	REPVL	303.533926	82.093432	74.658357	419
83	REPVR	306.980067	67.648762	50.206253	420
497	RIAL	1145.000000	85.000000	75.000000	421
502	RIAR	1143.000000	89.000000	46.000000	422
210	RIBL	1109.863690	69.620833	74.165179	423
64	RIBR	1099.071232	76.362428	45.546025	424
251	RICL	1085.325824	53.195330	86.893407	425
5	RICR	1080.490394	59.641726	32.210313	426
155	RID	1184.443212	103.126739	63.710794	427
531	RIFL	1060.754626	30.803701	64.392599	428
105	RIFR	1049.392844	34.421247	55.772040	429
176	RIGL	1046.881587	33.595541	69.611465	430
528	RIGR	1001.000000	34.000000	54.000000	431
517	RIH	1150.882966	49.881808	55.691773	432
509	RIML	1092.000000	69.000000	76.000000	433
48	RIMR	1087.205357	67.342593	41.499008	434
182	RIPL	1209.268162	66.394943	70.077635	435
28	RIPR	1210.789204	72.878003	44.465047	436
511	RIR	1135.000000	59.000000	47.000000	437
42	RIS	1067.104926	42.853487	42.046705	438
220	RIVL	1070.022001	90.782928	77.117630	439
507	RIVR	1080.000000	99.000000	47.000000	440
201	RMDDL	1157.708826	38.887074	73.794302	441
525	RMDDR	1156.000000	44.000000	39.000000	442
238	RMDL	1164.513449	51.852230	80.979231	443
481	RMDR	1165.000000	62.000000	34.000000	444
249	RMDVL	1179.568313	70.276668	84.353652	445
11	RMDVR	1181.851340	76.024100	33.566477	446
551	RMED	1203.985410	95.013468	57.984287	447
441	RMEL	1197.000000	62.000000	75.000000	448
541	RMER	1198.992161	73.997760	40.010078	449
99	RMEV	1176.780843	32.276939	55.971629	450
255	RMGL	1038.319112	50.364022	87.507485	451
15	RMGR	992.679141	59.997099	36.266609	452
518	SAADL	1151.000000	46.000000	62.000000	453
519	SAADR	1151.862110	47.098321	48.296163	454
491	SAAVL	1164.955056	79.921348	75.101124	455
494	SAAVR	1166.000000	85.000000	44.000000	456
527	SABD	1002.082835	31.834330	63.745517	457
136	SABVL	1077.059914	32.198276	60.321121	458
532	SABVR	1066.000000	35.000000	56.000000	459
512	SIADL	1125.000000	47.000000	78.000000	460
25	SIADR	1126.400515	49.906518	36.502573	461
194	SIAVL	1112.910604	37.914303	73.875462	462
41	SIAVR	1107.865662	47.374800	42.441167	463
257	SIBDL	1151.579948	53.768214	86.687621	464
480	SIBDR	1152.019926	65.035424	33.975646	465
513	SIBVL	1145.000000	53.000000	76.000000	466
520	SIBVR	1147.000000	56.000000	40.000000	467
213	SMBDL	1128.818416	34.009576	72.545488	468
526	SMBDR	1123.000000	44.000000	45.000000	469
165	SMBVL	1136.281417	47.553313	65.207540	470
103	SMBVR	1136.763877	46.004143	53.769263	471
186	SMDDL	1142.400936	35.331774	73.530237	472
40	SMDDR	1139.002142	42.832476	40.709940	473
490	SMDVL	1157.994864	88.005869	83.005869	474
483	SMDVR	1156.000000	94.000000	38.000000	475
328	SPH	321.000000	75.212521	72.589786	476
326	TL	190.152660	75.731711	70.476270	477
114	TR	195.824555	67.944424	57.778787	478
159	U	297.270270	67.506815	70.382998	479
443	URADL	1225.000000	87.868526	74.438247	480
546	URADR	1223.074031	89.047004	44.766157	481
192	URAVL	1210.143494	36.712639	69.838662	482
456	URAVR	1209.000000	37.000000	48.000000	483
435	URBL	1220.656970	66.070252	83.619649	484
543	URBR	1236.000000	75.000000	36.000000	485
183	URXL	1148.199060	97.805304	68.979523	486
496	URXR	1149.019912	97.026549	54.026549	487
554	URYDL	1211.000000	83.620253	74.607595	488
550	URYDR	1209.000000	89.000000	42.000000	489
440	URYVL	1216.000000	49.000000	78.000000	490
26	URYVR	1217.772964	53.983536	37.477903	491
390	V1L	899.275553	67.031517	84.661633	492
23	V1R	880.433886	65.108999	36.669266	493
392	V2L	806.756958	64.050475	88.915298	494
401	V2R	800.431264	56.907215	41.986025	495
394	V3L	711.678371	65.235575	85.416584	496
33	V3R	715.651452	58.726971	39.639834	497
396	V4L	591.167276	63.681215	82.887329	498
55	V4R	577.460625	59.051416	42.555809	499
424	V5L	454.339695	74.524726	74.972453	500
47	V5R	463.104803	59.778790	42.435636	501
398	V6L	389.483034	80.702748	76.890987	502
69	V6R	392.147727	60.094910	44.960787	503
149	VIRL	317.600576	88.253314	64.509798	504
97	VIRR	320.526123	79.421632	54.566453	505
353	VL1	1354.000000	51.000000	79.000000	506
409	VL10	936.006719	33.988802	77.998880	507
357	VL11	845.025200	33.012600	75.126002	508
236	VL12	800.508290	42.801925	83.328757	509
358	VL13	769.160501	36.162490	74.533811	510
214	VL14	714.732006	43.795474	77.216097	511
359	VL15	654.000000	41.000000	70.000000	512
216	VL16	578.619417	48.265804	76.789644	513
360	VL17	460.908960	49.866762	73.919196	514
225	VL18	376.576501	60.309138	76.448390	515
209	VL19	232.884484	61.694044	76.834029	516
193	VL2	1325.651125	37.946598	72.232854	517
177	VL3	1289.885475	34.851117	70.418436	518
222	VL4	1242.414996	37.494787	77.272253	519
354	VL5	1185.480534	33.148473	70.619847	520
355	VL6	1174.381263	39.756785	78.355689	521
187	VL7	1090.415590	31.508421	71.443792	522
224	VL8	1034.681922	38.919336	77.998856	523
185	VL9	988.424576	36.568317	73.873682	524
141	VPI1	978.074828	88.645914	66.784196	525
556	VPI2DL	986.000000	70.000000	82.000000	526
72	VPI2DR	977.932763	75.614742	48.870954	527
264	VPI2V	984.000000	49.000000	61.000000	528
133	VPI3D	968.538900	82.421401	64.884554	529
138	VPI3V	975.962029	51.327605	70.021341	530
342	VR1	1358.000000	59.000000	38.000000	531
349	VR10	947.456805	36.143340	47.176882	532
350	VR11	893.202529	36.754199	48.422644	533
94	VR12	834.452789	39.595267	52.128954	534
351	VR13	800.000000	37.000000	53.000000	535
89	VR14	735.632434	40.198250	52.482050	536
352	VR15	691.353076	43.637915	53.222925	537
75	VR16	603.539865	39.139756	51.386791	538
406	VR17	541.000000	43.000000	54.000000	539
95	VR18	474.234681	44.517966	53.730776	540
112	VR19	384.116912	48.905515	57.622243	541
44	VR2	1323.851171	45.081940	40.960702	542
329	VR20	240.989738	53.928164	62.082098	543
343	VR3	1289.937534	41.000808	42.516155	544
344	VR4	1244.777466	50.309023	34.137915	545
345	VR5	1187.586270	38.775286	41.948741	546
346	VR6	1187.560542	46.667796	35.995202	547
68	VR7	1097.687594	36.782141	44.653827	548
347	VR8	1029.552253	42.469113	42.203669	549
348	VR9	987.233373	39.902636	46.647693	550
533	W	1107.000000	30.000000	60.000000	551
438	XXXL	1231.000000	57.000000	83.000000	552
21	XXXR	1237.560788	60.771209	36.604542	553
178	YPDA	290.097621	50.148766	70.898154	554
389	Z1	670.000000	47.000000	51.000000	555
388	Z2	645.191290	48.862085	53.966041	556
387	Z3	615.808276	48.468916	66.628444	557
386	Z4	596.287306	46.806202	71.623547	558
