label_number	label_name	x	y	z	Aligned_No
472	ADAL	1107.002245	49.979798	74.015713	1
1	ADAR	1107.074627	58.409115	23.034648	2
473	ADEL	1106.000000	59.000000	67.000000	3
22	ADER	1109.105656	70.300029	31.972438	4
210	ADESHL	1047.947903	60.088629	75.597709	5
8	ADESHR	1050.125089	80.623079	25.144479	6
549	ADFL	1183.000000	78.000000	66.000000	7
465	ADFR	1188.000000	82.000000	40.000000	8
148	ADLL	1164.317525	95.477387	58.194410	9
459	ADLR	1171.000000	94.000000	44.000000	10
477	AFDL	1191.000000	72.000000	73.000000	11
455	AFDR	1193.000000	82.000000	28.000000	12
135	AIAL	1163.341140	52.933255	55.330991	13
95	AIAR	1172.820411	52.300861	47.185553	14
504	AIBL	1180.000000	63.000000	63.000000	15
73	AIBR	1185.996895	62.655941	40.548688	16
446	AIML	1120.910408	47.462451	53.447958	17
447	AIMR	1121.981962	54.022548	48.040586	18
188	AINL	1114.061947	74.885664	67.536991	19
453	AINR	1121.000000	79.000000	26.000000	20
449	AIYL	1120.000000	47.000000	64.000000	21
448	AIYR	1126.000000	49.000000	39.000000	22
168	AIZL	1126.077059	61.550487	61.312223	23
64	AIZR	1130.150602	65.945429	39.505670	24
149	ALA	1222.366516	101.018922	57.809955	25
155	ALML	803.400628	84.830544	63.216527	26
36	ALMR	859.430855	89.026786	34.029070	27
277	ALNL	276.000000	76.000000	56.000000	28
276	ALNR	274.000000	76.000000	46.000000	29
345	AMSHL	1090.363491	79.674456	71.989814	30
45	AMSHR	1095.114751	88.504985	32.096033	31
542	AMSOL	1352.000000	74.000000	65.000000	32
25	AMSOR	1381.814891	78.862753	32.703007	33
541	ARCADL	1404.000000	63.000000	72.000000	34
6	ARCADR	1401.401398	70.181606	26.938150	35
358	ARCAV	1463.950058	38.953542	52.202091	36
98	ARCPD	1439.513443	90.062295	45.878689	37
200	ARCPDL	1371.897528	71.588673	69.354212	38
44	ARCPDR	1361.343920	80.372417	35.945617	39
362	ARCPV	1438.000000	39.000000	52.000000	40
540	ARCPVL	1384.000000	52.000000	68.000000	41
11	ARCPVR	1383.580528	58.074014	27.377307	42
476	ASEL	1151.000000	69.000000	74.000000	43
28	ASER	1155.942826	81.096868	28.180626	44
478	ASGL	1152.016873	83.979753	73.026997	45
456	ASGR	1160.000000	91.000000	36.000000	46
475	ASHL	1172.000000	67.000000	74.000000	47
16	ASHR	1176.896272	72.266802	27.458788	48
479	ASIL	1147.000000	90.000000	65.000000	49
458	ASIR	1148.000000	93.000000	44.000000	50
206	ASJL	1152.641838	53.723337	74.724547	51
10	ASJR	1152.704888	61.087979	26.507530	52
144	ASKL	1184.272666	93.823728	59.093023	53
91	ASKR	1192.749350	94.437430	45.858522	54
207	AUAL	1172.151871	50.143950	73.881453	55
3	AUAR	1169.741879	55.826587	25.703648	56
481	AVAL	1208.000000	67.000000	74.000000	57
18	AVAR	1210.480171	75.720525	27.649250	58
178	AVBL	1140.475431	73.814655	63.914224	59
466	AVBR	1132.000000	81.000000	39.000000	60
199	AVDL	1134.765513	67.335962	73.848132	61
15	AVDR	1138.432753	75.931511	27.327258	62
505	AVEL	1202.000000	65.000000	63.000000	63
468	AVER	1203.989922	66.005599	37.994401	64
429	AVG	1093.000000	29.000000	51.000000	65
194	AVHL	1136.964784	83.539985	72.413426	66
454	AVHR	1139.000000	90.000000	33.000000	67
184	AVJL	1125.969140	77.510287	68.041514	68
53	AVJR	1117.041762	85.628322	36.223614	69
167	AVKL	1100.105263	46.956431	62.525967	70
55	AVKR	1104.234371	54.642592	37.421068	71
557	AVL	1157.817391	54.000000	47.643478	72
551	AWAL	1167.000000	77.000000	65.000000	73
51	AWAR	1170.900364	74.838303	39.686545	74
550	AWBL	1172.016873	83.020247	73.026997	75
38	AWBR	1174.281112	89.578332	32.174037	76
474	AWCL	1190.000000	56.000000	76.000000	77
5	AWCR	1190.011972	61.860738	24.805766	78
114	B	297.169653	54.774028	51.414941	79
203	BAGL	1254.164862	55.987818	73.031402	80
507	BAGR	1261.000000	66.000000	30.000000	81
197	BDUL	977.092607	63.824375	71.023467	82
14	BDUR	971.229541	78.501092	25.642581	83
175	CANL	719.362642	69.525413	67.011795	84
17	CANR	730.446299	73.089223	30.402894	85
140	CCLA	723.288692	46.103498	62.045759	86
150	CCLP	694.997659	50.389698	63.145161	87
29	CCRA	932.265332	44.045190	32.384280	88
34	CCRP	913.625089	42.911954	35.649248	89
484	CEPDL	1220.773973	91.452055	66.678082	90
85	CEPDR	1222.273944	99.239738	43.794170	91
529	CEPSHDL	1250.000000	80.000000	69.000000	92
519	CEPSHDR	1253.000000	89.000000	37.000000	93
195	CEPSHVL	1241.270183	47.268837	70.061356	94
24	CEPSHVR	1244.118219	53.774021	30.696181	95
533	CEPSODL	1293.000000	84.000000	69.000000	96
52	CEPSODR	1289.991548	85.946663	35.292626	97
173	CEPSOVL	1278.544992	42.162363	65.761346	98
32	CEPSOVR	1281.802716	44.198083	32.919329	99
526	CEPVL	1239.000000	31.000000	55.000000	100
509	CEPVR	1248.861789	42.039489	42.861789	101
424	DA1	1022.000000	32.000000	49.000000	102
105	DA2	972.377415	33.894605	49.939523	103
216	DA3	898.000000	31.000000	51.000000	104
217	DA4	811.930180	33.677928	50.069820	105
219	DA5	703.000000	36.000000	50.000000	106
221	DA6	555.000000	40.000000	53.000000	107
224	DA7	421.000000	44.000000	50.000000	108
292	DA8	339.000000	53.000000	58.000000	109
57	DA9	340.146654	57.074016	38.172441	110
104	DB1	1062.324893	26.869497	49.160109	111
108	DB2	1134.808797	27.782765	49.654997	112
214	DB3	996.000000	32.000000	50.000000	113
113	DB4	876.041402	32.338979	50.833686	114
218	DB5	736.000000	38.000000	52.000000	115
122	DB6	584.399836	40.647236	52.041872	116
223	DB7	446.000000	44.000000	50.000000	117
426	DD1	1071.000000	34.000000	56.000000	118
215	DD2	940.000000	33.000000	51.000000	119
110	DD3	786.138895	34.576763	49.914610	120
220	DD4	625.000000	40.000000	52.000000	121
222	DD5	499.000000	41.000000	50.000000	122
287	DD6	349.672302	58.000000	52.573472	123
115	DEP	287.832395	83.978296	50.166801	124
395	DL1	1422.028571	76.342857	67.000000	125
388	DL10	1016.791101	90.603318	65.163147	126
387	DL11	946.034314	96.589869	59.501362	127
386	DL12	887.541789	94.686476	61.954431	128
136	DL13	836.234460	96.766358	57.210196	129
147	DL14	776.798932	94.541255	60.030441	130
385	DL15	733.998295	94.483926	57.528495	131
384	DL16	645.561792	92.171074	58.733675	132
143	DL17	582.460686	93.368865	58.460158	133
383	DL18	495.072299	90.356621	59.000000	134
142	DL19	457.780862	88.834613	57.956881	135
394	DL2	1404.500000	86.000000	64.000000	136
156	DL20	415.635255	90.679878	59.370843	137
101	DL21	257.665793	83.245921	49.926865	138
393	DL3	1366.847663	88.007023	63.066844	139
392	DL4	1331.553129	86.155476	67.331160	140
391	DL5	1266.366159	96.088630	64.453894	141
390	DL6	1243.267155	90.154588	69.601773	142
389	DL7	1136.000000	99.000000	58.000000	143
181	DL8	1082.072751	92.442593	65.661640	144
166	DL9	1047.019968	98.230032	62.208999	145
368	DR1	1425.630661	82.229789	35.115398	146
376	DR10	1029.987887	95.769657	39.244714	147
75	DR11	1004.514241	99.059448	41.824819	148
377	DR12	914.463822	95.465567	37.202522	149
378	DR13	869.000000	98.000000	42.000000	150
62	DR14	829.712553	94.869325	38.089138	151
86	DR15	777.180328	99.480094	44.456154	152
379	DR16	689.135401	94.863338	39.944276	153
380	DR17	629.898490	95.407340	44.294638	154
381	DR18	573.899841	93.365058	45.956719	155
81	DR19	491.906491	90.427281	44.184196	156
369	DR2	1401.982060	89.633521	39.000000	157
84	DR20	423.439604	93.804873	44.747677	158
382	DR21	315.000000	89.000000	47.000000	159
370	DR3	1361.614018	92.006008	39.704130	160
371	DR4	1319.617592	90.716157	34.733624	161
372	DR5	1276.328283	100.589899	42.510101	162
373	DR6	1240.010555	97.249526	39.607037	163
94	DR7	1131.241882	101.924122	46.613983	164
374	DR8	1103.623710	97.414297	42.396678	165
375	DR9	1075.437805	102.303411	44.015645	166
282	DVA	302.000000	74.000000	52.000000	167
273	DVC	280.000000	64.000000	52.000000	168
331	E1D	1401.904098	81.598361	50.004918	169
332	E1VL	1397.908629	54.192893	58.324873	170
333	E1VR	1409.000000	58.500000	40.000000	171
112	E2D	1473.956009	78.949356	48.459871	172
437	E2VL	1475.446400	53.885805	55.837057	173
436	E2VR	1472.360695	56.766538	40.787784	174
324	E3D	1358.905138	80.000000	53.000000	175
326	E3VL	1375.988726	53.001127	58.990981	176
327	E3VR	1382.915033	56.392565	41.433007	177
306	EXC	1139.952897	50.588275	54.467977	178
558	EXC/DUCT	1152.000000	54.000000	43.000000	179
432	EXC/GL/L	1058.715046	39.158796	66.289583	180
31	EXC/GL/R	1067.028242	41.229316	32.232896	181
284	F	316.000000	70.000000	52.000000	182
187	FLPL	1120.231979	58.781074	71.353011	183
451	FLPR	1120.000000	60.000000	31.000000	184
109	G1	1202.050939	30.090301	50.149730	185
169	G1AL	1078.661985	73.771603	62.134046	186
66	G1AR	1078.565874	79.007319	39.766011	187
74	G1P	1031.944277	81.708795	44.426318	188
470	G2	1173.081925	37.000000	50.344603	189
131	G2L	1029.145425	48.814125	56.042055	190
56	G2R	1026.708032	55.079898	38.171908	191
485	GLRDL	1223.000000	87.000000	60.000000	192
464	GLRDR	1224.000000	88.000000	49.000000	193
488	GLRL	1214.866508	61.266985	60.100119	194
469	GLRR	1213.000000	61.000000	43.000000	195
489	GLRVL	1219.000000	53.000000	57.000000	196
88	GLRVR	1220.966641	53.607278	45.883245	197
343	H0L	1355.983730	61.506633	75.264330	198
338	H0R	1359.507394	67.957834	25.954037	199
344	H1L	1236.064274	61.075916	78.136066	200
339	H1R	1240.298524	67.603292	25.046538	201
212	H2L	1070.426917	64.768722	76.128421	202
340	H2R	1071.447570	73.306266	23.966113	203
139	HMC	1109.760774	96.876187	56.406136	204
185	HSNL	684.284071	57.268167	69.365060	205
30	HSNR	663.958439	60.360980	32.246461	206
260	HYP101	120.252486	71.818785	47.406630	207
259	HYP102	91.111418	70.269511	48.091844	208
261	HYP11	186.331073	72.716394	51.404866	209
543	HYP1L	1340.000000	71.000000	72.000000	210
26	HYP1R	1344.054091	80.445360	31.418451	211
363	HYP1V	1427.000000	38.000000	46.000000	212
183	HYP2L	1393.146497	73.189809	67.875159	213
361	HYP2V	1450.918619	38.559803	45.760173	214
116	HYP31	1468.183538	90.788492	50.801279	215
125	HYP32	1450.487645	89.023817	55.934207	216
348	HYP4D	1523.839494	80.384218	45.912469	217
87	HYP4V1	1520.372764	45.434057	44.411400	218
93	HYP4V2	1497.279332	42.003191	44.855179	219
192	HYP5L	1451.944417	63.430479	69.499583	220
337	HYP5R	1445.840183	68.798573	29.718580	221
349	HYP6D1	1411.307074	97.831994	52.802251	222
350	HYP6D2	1380.285019	94.741894	52.789559	223
351	HYP6D3	1358.641770	92.673582	51.000000	224
126	HYP6D4	1329.475084	96.979563	52.931971	225
359	HYP6V1	1395.121212	33.222452	49.468320	226
360	HYP6V2	1358.516614	33.204114	50.090981	227
263	HYP71	226.456707	56.766039	49.153656	228
106	HYP72	203.919095	60.076475	48.752157	229
346	HYP7ABLD	1027.100221	72.944178	73.492815	230
347	HYP7ABLV	1011.547022	56.491512	73.715980	231
2	HYP7ABR3	1047.836520	62.477294	22.680927	232
341	HYP7ABRD	1028.984220	77.115112	24.496055	233
342	HYP7ABRV	1012.203999	67.277860	24.031285	234
352	HYP7D1	1283.483834	104.000000	55.799076	235
353	HYP7D2	1196.504227	104.413779	56.348267	236
235	HYP7LC1	915.474471	76.542341	70.351027	237
189	HYP7LC2	811.889688	72.788455	69.721137	238
238	HYP7LC3	731.985530	82.044107	67.706416	239
240	HYP7LC4	602.845094	77.655058	67.708813	240
243	HYP7LC5	495.516083	79.343102	66.077198	241
290	HYP7LC6	327.055511	83.222843	64.688898	242
247	HYP7RC1	889.613833	80.469662	28.151070	243
27	HYP7RC2	801.910299	81.216551	30.214437	244
252	HYP7RC3	703.021739	79.081028	28.234739	245
254	HYP7RC4	590.128198	84.395930	35.795349	246
256	HYP7RC5	465.406633	81.027120	33.319572	247
289	HYP7RC6	305.898329	81.467967	36.318942	248
103	HYP7V1	1316.482359	28.094719	49.988160	249
450	HYP7V2	1268.642816	25.207097	50.868528	250
262	HYP8	176.000000	59.000000	51.000000	251
107	HYP9	143.805721	64.984328	47.981095	252
138	I1L	1347.810059	55.294970	56.593491	253
323	I1R	1348.000000	59.000000	42.000000	254
311	I2L	1309.938519	48.631117	63.368883	255
314	I2R	1309.000000	57.000000	35.000000	256
129	I3	1286.454746	80.998896	54.596394	257
124	I4	1082.069526	88.322287	52.760884	258
445	I5	1078.000000	47.000000	50.000000	259
165	I6	1065.591152	79.830875	63.159084	260
552	IL1DL	1272.000000	90.000000	59.981402	261
553	IL1DR	1272.000000	90.000000	52.000000	262
202	IL1L	1281.365379	56.755874	72.512017	263
20	IL1R	1280.762132	60.883337	28.387282	264
524	IL1VL	1247.000000	40.000000	60.000000	265
511	IL1VR	1272.000000	37.000000	46.000000	266
157	IL2DL	1293.851639	93.965164	61.120492	267
521	IL2DR	1306.000000	97.000000	49.000000	268
213	IL2L	1297.221643	66.201304	74.901173	269
7	IL2R	1299.023572	75.333862	24.712602	270
555	IL2VL	1279.000000	34.000000	57.000000	271
92	IL2VR	1289.092376	32.512161	44.735267	272
545	ILSHDL	1326.000000	73.000000	72.000000	273
556	ILSHDR	1332.000000	81.000000	36.000000	274
537	ILSHL	1335.000000	49.000000	69.000000	275
514	ILSHR	1338.000000	52.000000	29.000000	276
366	ILSHVL	1400.465544	38.000000	55.000000	277
367	ILSHVR	1371.000000	37.000000	47.000000	278
354	ILSODL	1431.000000	89.000000	58.000000	279
355	ILSODR	1422.000000	91.000000	48.000000	280
539	ILSOL	1367.000000	50.000000	68.000000	281
13	ILSOR	1365.640899	54.838691	28.299744	282
364	ILSOVL	1418.000000	38.000000	54.000000	283
365	ILSOVR	1405.653203	38.667131	45.000000	284
164	IML	385.027682	56.434921	63.706149	285
234	IMR	391.439201	60.799429	35.535490	286
226	IND2	927.483391	87.137418	49.467722	287
228	IND3	870.078947	86.145895	52.906105	288
102	IND4	809.241886	85.776485	48.421923	289
90	IND5	740.412809	82.672685	44.358488	290
230	IND6	603.853017	81.760159	54.597614	291
231	IND7	496.920805	75.977373	50.960402	292
100	IND8	425.134309	79.595786	50.211034	293
133	IND9	383.638285	83.810217	57.522774	294
146	INDL1	970.089323	85.819063	60.693446	295
61	INDR1	972.992682	87.323389	39.329299	296
225	INV2	920.000000	50.000000	52.000000	297
227	INV3	847.118217	51.412994	48.463439	298
99	INV4	775.570163	55.220696	50.927462	299
229	INV5	700.911794	71.680211	56.400892	300
83	INV6	642.966316	67.291729	43.850376	301
123	INV7	534.051772	54.892845	52.716890	302
232	INV8	453.001137	58.290371	49.553639	303
233	INV9	384.289973	59.292344	48.102304	304
141	INVL1	968.109794	47.091650	60.493797	305
37	INVR1	973.962601	44.873686	35.694353	306
285	K	321.180288	83.000000	56.507212	307
286	K'	330.000000	79.000000	43.000000	308
278	LUAL	284.000000	75.000000	62.000000	309
279	LUAR	286.000000	76.000000	40.000000	310
69	M	539.216273	77.643376	40.569117	311
70	M1	1064.778329	86.233181	40.166104	312
160	M2L	1084.795176	59.460752	60.227719	313
59	M2R	1086.080401	63.210300	39.272389	314
137	M3L	1265.256112	54.837602	56.940629	315
97	M3R	1262.126289	59.052830	46.016352	316
128	M4	1263.675237	73.579131	54.068897	317
154	M5	1040.621948	81.212235	61.494768	318
315	MC1DL	1321.551546	70.634021	62.154639	319
316	MC1DR	1320.618569	77.287995	44.062093	320
438	MC1V	1322.000000	47.000000	51.000000	321
153	MC2DL	1119.391753	81.816642	56.685567	322
118	MC2DR	1122.190374	83.849856	47.941092	323
127	MC2V	1131.702055	67.414384	52.043379	324
172	MC3DL	1044.499729	69.432139	65.278773	325
50	MC3DR	1045.321782	77.549935	36.571459	326
298	MC3V	1038.000000	46.000000	47.000000	327
312	MCL	1311.000000	55.000000	57.000000	328
313	MCR	1314.116959	60.070175	43.187135	329
307	MI	1305.413392	85.797671	54.267831	330
439	NSML	1290.000000	49.000000	59.000000	331
79	NSMR	1290.971125	57.865252	41.383021	332
528	OLLL	1274.000000	75.000000	68.000000	333
518	OLLR	1272.000000	81.000000	39.000000	334
536	OLLSHL	1329.000000	59.000000	74.000000	335
513	OLLSHR	1338.000000	64.000000	28.000000	336
534	OLLSOL	1308.000000	81.000000	68.000000	337
522	OLLSOR	1312.000000	83.000000	32.000000	338
532	OLQDL	1258.849614	98.000000	59.601542	339
554	OLQDR	1261.000000	98.000000	51.000000	340
544	OLQSHDL	1317.416133	70.854033	73.072983	341
516	OLQSHDR	1327.000000	77.000000	26.000000	342
535	OLQSHVL	1316.000000	57.000000	74.000000	343
512	OLQSHVR	1323.000000	61.000000	27.000000	344
357	OLQSODL	1409.500000	89.000000	55.500000	345
356	OLQSODR	1403.982379	91.028634	48.132159	346
538	OLQSOVL	1352.000000	49.000000	68.000000	347
515	OLQSOVR	1352.000000	51.000000	33.000000	348
174	OLQVL	1262.415875	45.816939	65.522978	349
42	OLQVR	1256.622778	53.274852	35.210336	350
191	P1/2L	906.870774	52.354900	70.258967	351
246	P1/2R	905.000000	57.000000	27.000000	352
294	P11/12L	356.010090	55.986547	66.510090	353
546	P11/12R	358.000000	62.000000	33.000000	354
237	P3/4L	825.833136	51.470414	69.931361	355
249	P3/4R	815.000000	58.000000	28.000000	356
196	P5/6L	719.049078	55.910408	70.868248	357
251	P5/6R	729.000000	57.000000	29.000000	358
241	P7/8L	594.000000	57.000000	67.000000	359
43	P7/8R	595.091391	55.626477	34.838679	360
159	P9/10L	457.204649	55.463605	63.855564	361
257	P9/10R	466.631142	62.949275	32.819371	362
281	PHAL	301.000000	58.000000	61.000000	363
80	PHAR	305.444800	57.768605	41.122474	364
280	PHBL	299.000000	71.000000	65.000000	365
68	PHBR	300.239798	71.565547	38.633803	366
269	PHSHL	259.000000	71.000000	57.000000	367
270	PHSHR	262.000000	71.000000	42.000000	368
267	PLML	247.000000	62.000000	57.000000	369
268	PLMR	250.000000	64.000000	42.000000	370
317	PM1DL	1329.222772	75.687129	59.130693	371
318	PM1DR	1323.000000	82.000000	53.000000	372
320	PM1L	1330.000000	62.000000	61.000000	373
319	PM1R	1331.000000	67.000000	42.000000	374
321	PM1VL	1325.210191	52.350318	57.420382	375
77	PM1VR	1329.644769	51.886996	43.220600	376
119	PM2D1	1443.690223	78.540648	50.539851	377
120	PM2D2	1424.783465	78.231496	51.097244	378
134	PM2VL1	1451.520293	54.166274	57.714323	379
334	PM2VL2	1425.571831	54.521127	59.966197	380
336	PM2VR1	1446.000000	57.000000	42.000000	381
335	PM2VR2	1435.000000	57.000000	43.000000	382
330	PM3DL	1401.752264	75.077784	55.986148	383
325	PM3DR	1384.946488	76.538939	46.875776	384
322	PM3L	1365.455762	61.061378	58.078355	385
548	PM3R	1370.000000	64.000000	42.000000	386
328	PM3VL	1395.570312	50.659801	54.625710	387
329	PM3VR	1408.929966	53.701684	46.398653	388
308	PM4DL	1299.680215	77.269172	60.217025	389
309	PM4DR	1297.953721	80.925573	47.467080	390
547	PM4L	1300.160056	62.427279	62.451635	391
67	PM4R	1304.150791	71.787004	39.859483	392
310	PM4VL	1298.763448	42.334138	53.372759	393
76	PM4VR	1305.870547	46.205058	41.920315	394
304	PM5DL	1096.938176	80.242658	56.950541	395
305	PM5DR	1099.739623	84.661132	51.338868	396
145	PM5L	1096.425080	70.070740	59.300322	397
303	PM5R	1105.751876	72.482119	45.033554	398
301	PM5VL	1100.064111	58.491738	54.370126	399
302	PM5VR	1099.000000	59.000000	46.000000	400
132	PM6D	1068.136018	86.588313	52.451964	401
163	PM6VL	1063.369189	53.466769	62.417595	402
63	PM6VR	1070.832785	56.419794	40.071538	403
299	PM7D	1048.888602	90.131332	51.344278	404
300	PM7VL	1044.823598	53.271171	61.940887	405
49	PM7VR	1043.539293	57.198232	36.692141	406
297	PM8	1019.000000	57.000000	50.000000	407
275	PVCL	281.000000	66.000000	61.000000	408
274	PVCR	281.000000	67.000000	41.000000	409
291	PVPL	360.996625	50.983127	56.966254	410
288	PVPR	354.000000	58.000000	45.000000	411
177	PVQL	314.227797	69.127451	64.272491	412
283	PVQR	318.000000	69.000000	41.000000	413
264	PVR	215.105727	76.307569	47.635563	414
78	PVT	371.373999	53.226296	42.277286	415
242	QL	552.000000	61.000000	67.000000	416
35	QR	562.627965	66.521208	33.776600	417
121	REPD	335.106769	87.821134	52.674739	418
151	REPVL	338.967089	70.719989	63.257351	419
65	REPVR	347.585486	74.112784	38.257695	420
179	RIAL	1198.060444	85.699694	65.096021	421
462	RIAR	1202.000000	83.000000	39.000000	422
503	RIBL	1160.000000	64.000000	63.000000	423
58	RIBR	1163.890448	61.949851	37.692537	424
205	RICL	1133.688175	53.535532	74.291927	425
452	RICR	1135.000000	58.000000	27.000000	426
130	RID	1239.901606	100.713855	56.161312	427
430	RIFL	1108.881533	37.078978	55.138211	428
435	RIFR	1102.000000	40.000000	46.000000	429
428	RIGL	1093.000000	33.643478	56.817391	430
425	RIGR	1045.000000	29.000000	53.000000	431
494	RIH	1206.000000	47.000000	52.000000	432
502	RIML	1143.000000	60.000000	63.000000	433
467	RIMR	1149.401891	71.346992	40.145784	434
182	RIPL	1262.534256	67.014909	65.854810	435
517	RIPR	1261.943503	76.977401	40.005650	436
496	RIR	1191.000000	55.000000	55.000000	437
46	RIS	1112.041397	41.579819	35.231048	438
180	RIVL	1124.589647	90.489544	64.303051	439
457	RIVR	1130.000000	92.000000	41.000000	440
492	RMDDL	1211.082664	41.958668	66.110218	441
33	RMDDR	1215.417130	43.399055	32.251112	442
208	RMDL	1219.627580	53.313647	72.638761	443
21	RMDR	1221.002249	58.815933	28.893029	444
211	RMDVL	1226.077896	71.174895	75.133218	445
23	RMDVR	1226.858110	79.479823	28.296277	446
486	RMED	1252.666116	96.783471	53.661157	447
193	RMEL	1248.273401	67.617845	69.988215	448
506	RMER	1249.000000	75.000000	34.000000	449
525	RMEV	1239.000000	34.321574	47.249661	450
201	RMGL	1089.121399	52.791888	71.111049	451
4	RMGR	1091.371801	57.767504	26.630130	452
493	SAADL	1204.808346	44.616692	59.149923	453
72	SAADR	1208.399494	47.326053	42.629946	454
483	SAAVL	1215.000000	75.000000	64.000000	455
463	SAAVR	1221.000000	79.000000	39.000000	456
427	SABD	1084.000000	36.000000	44.000000	457
434	SABVL	1124.000000	35.000000	52.000000	458
431	SABVR	1114.971910	32.995506	47.986517	459
495	SIADL	1178.000000	51.000000	61.000000	460
499	SIADR	1182.000000	47.000000	37.000000	461
170	SIAVL	1159.047428	45.744373	63.209807	462
498	SIAVR	1158.000000	42.000000	41.000000	463
487	SIBDL	1204.000000	54.000000	72.000000	464
9	SIBDR	1206.636703	58.313247	26.158367	465
171	SIBVL	1196.050314	50.065688	63.597484	466
501	SIBVR	1198.000000	50.000000	36.000000	467
471	SMBDL	1172.000000	37.000000	59.000000	468
497	SMBDR	1167.020202	43.002245	33.984287	469
491	SMBVL	1187.000000	41.000000	57.000000	470
500	SMBVR	1192.000000	45.000000	46.000000	471
490	SMDDL	1188.031250	37.901786	65.287946	472
39	SMDDR	1191.522237	38.115313	34.657523	473
482	SMDVL	1209.000000	82.000000	73.000000	474
461	SMDVR	1210.013453	91.013453	36.996637	475
293	SPH	355.996644	64.004474	60.996644	476
265	TL	229.000000	69.000000	58.000000	477
266	TR	230.000000	69.000000	41.000000	478
117	U	332.687533	62.141379	54.723873	479
531	URADL	1282.949210	86.010158	64.979684	480
520	URADR	1284.000000	91.000000	43.000000	481
523	URAVL	1259.302013	38.899329	57.704698	482
510	URAVR	1265.979753	42.016873	37.973003	483
527	URBL	1275.038508	68.768953	75.269555	484
508	URBR	1276.000000	77.000000	28.000000	485
480	URXL	1208.000000	93.000000	59.000000	486
460	URXR	1210.000000	94.027304	47.091013	487
530	URYDL	1263.973003	84.983127	65.020247	488
71	URYDR	1269.123612	88.959271	39.755910	489
190	URYVL	1270.602515	50.717429	72.416696	490
19	URYVR	1270.146896	53.312916	30.323448	491
198	V1L	947.512142	66.231285	70.897170	492
245	V1R	937.318222	62.839789	27.101232	493
236	V2L	860.000000	59.000000	69.000000	494
248	V2R	865.000000	61.000000	28.000000	495
186	V3L	764.772878	61.038956	70.287578	496
250	V3R	768.000000	65.000000	30.000000	497
441	V4L	636.000000	61.000000	68.000000	498
253	V4R	616.657365	68.519581	31.638497	499
244	V5L	490.000000	64.000000	65.000000	500
255	V5R	496.495231	70.528219	34.925676	501
176	V6L	428.229404	67.969323	66.612580	502
258	V6R	419.118103	75.793320	32.585717	503
152	VIRL	353.907381	79.749786	58.707894	504
89	VIRR	357.595823	80.530870	45.757861	505
396	VL1	1418.508870	46.629805	67.031934	506
403	VL10	1004.607525	38.494059	63.329109	507
404	VL11	916.947484	35.626616	59.273523	508
405	VL12	855.653895	42.819506	62.567606	509
406	VL13	824.009620	39.813833	59.185907	510
162	VL14	753.331771	43.985042	62.661561	511
239	VL15	707.000000	43.000000	59.000000	512
407	VL16	610.359456	47.946821	59.461415	513
408	VL17	507.488359	46.945582	59.196634	514
409	VL18	412.883675	51.112672	60.589772	515
271	VL19	271.500000	55.000000	58.000000	516
397	VL2	1383.187454	39.257520	63.732942	517
398	VL3	1351.500000	36.000000	62.000000	518
399	VL4	1316.135484	39.442784	66.903565	519
400	VL5	1255.656293	32.326418	64.054633	520
204	VL6	1228.167373	38.012712	71.699153	521
401	VL7	1140.272382	35.000000	62.000000	522
402	VL8	1089.157620	37.546451	66.581420	523
158	VL9	1027.316135	37.239168	61.907925	524
296	VPI1	1014.000000	87.000000	53.000000	525
161	VPI2DL	1012.838965	66.547807	62.190750	526
60	VPI2DR	1013.987107	76.565471	38.816479	527
96	VPI2V	1011.861604	48.657073	49.853337	528
295	VPI3D	1005.104752	81.299949	52.496679	529
82	VPI3V	1004.007006	56.438965	47.200485	530
423	VR1	1414.051513	52.006439	30.509659	531
416	VR10	1020.660870	40.969476	34.512156	532
415	VR11	941.380167	34.771548	39.193492	533
41	VR12	874.670707	39.962537	35.743586	534
48	VR13	830.757338	41.134904	37.309494	535
47	VR14	778.227086	44.558901	36.597973	536
414	VR15	737.299844	45.576526	39.054460	537
413	VR16	640.208651	48.612992	38.295966	538
412	VR17	568.500773	50.883777	41.277597	539
411	VR18	512.994308	52.762615	38.734769	540
410	VR19	426.713245	54.972954	37.796637	541
422	VR2	1384.565009	44.272319	33.553026	542
272	VR20	273.687117	53.761418	43.714042	543
54	VR3	1346.153054	36.736388	37.917995	544
421	VR4	1319.127315	40.066120	31.917702	545
420	VR5	1263.618324	32.096031	34.871632	546
419	VR6	1235.266699	43.382028	29.900288	547
418	VR7	1138.763325	36.942323	37.783413	548
40	VR8	1091.701307	40.952432	33.099850	549
417	VR9	1049.904326	34.364736	38.303886	550
433	W	1153.000000	35.000000	53.000000	551
209	XXXL	1294.912456	51.710653	73.256518	552
12	XXXR	1299.314211	59.036940	25.973490	553
111	YPDA	327.878295	47.494574	49.733850	554
440	Z1	713.000000	56.000000	38.000000	555
444	Z2	686.935976	52.558689	43.928898	556
443	Z3	665.638127	51.788566	56.553162	557
442	Z4	640.000000	52.000000	59.000000	558
