label_number	label_name	x	y	z	Aligned_No
327	ADAL	1150.927190	77.045506	38.954494	1
354	ADAR	1153.000000	77.000000	94.000000	2
328	ADEL	1159.000000	72.000000	44.000000	3
355	ADER	1163.000000	68.000000	91.000000	4
3	ADESHL	1101.948617	73.366354	40.129941	5
352	ADESHR	1106.000000	76.000000	92.000000	6
348	ADFL	1234.000000	53.000000	54.000000	7
377	ADFR	1238.000000	51.000000	82.000000	8
389	ADLL	1212.000000	39.000000	60.000000	9
390	ADLR	1223.000000	39.000000	74.000000	10
340	AFDL	1242.000000	58.000000	45.000000	11
366	AFDR	1247.000000	61.000000	89.000000	12
426	AIAL	1226.000000	85.954933	61.405603	13
425	AIAR	1222.976163	88.015891	71.079455	14
402	AIBL	1231.000000	71.000000	53.000000	15
396	AIBR	1237.000000	72.000000	83.000000	16
436	AIML	1178.000000	89.000000	56.000000	17
440	AIMR	1187.000000	82.000000	74.000000	18
332	AINL	1174.000000	59.000000	46.000000	19
369	AINR	1180.969629	59.020247	86.989876	20
437	AIYL	1171.000000	86.000000	47.000000	21
441	AIYR	1187.000000	89.000000	84.000000	22
405	AIZL	1178.000000	74.000000	48.000000	23
399	AIZR	1182.000000	72.000000	83.000000	24
382	ALA	1260.023837	34.928490	67.960272	25
12	ALML	798.317413	43.375124	48.436816	26
104	ALMR	808.676115	49.490017	83.604387	27
216	ALNL	258.972696	60.000000	59.908987	28
219	ALNR	251.000000	63.000000	77.000000	29
8	AMSHL	1157.198627	48.307713	44.114105	30
121	AMSHR	1149.465740	48.155660	90.265641	31
514	AMSOL	1442.000000	60.000000	50.000000	32
528	AMSOR	1428.000000	60.000000	91.000000	33
519	ARCADL	1476.000000	69.000000	47.000000	34
529	ARCADR	1447.000000	63.000000	92.000000	35
548	ARCAV	1495.000000	102.000000	64.000000	36
536	ARCPD	1483.000000	44.000000	76.000000	37
513	ARCPDL	1423.000000	59.000000	50.000000	38
527	ARCPDR	1417.966254	60.000000	85.983127	39
549	ARCPV	1464.000000	101.000000	65.000000	40
518	ARCPVL	1439.000000	79.000000	48.000000	41
120	ARCPVR	1437.960135	72.609171	91.788692	42
334	ASEL	1206.000000	59.000000	42.000000	43
359	ASER	1208.000000	62.000000	93.000000	44
338	ASGL	1207.068182	49.034091	48.948864	45
372	ASGR	1214.000000	47.000000	88.000000	46
2	ASHL	1224.198089	64.172521	40.313791	47
361	ASHR	1230.000000	63.000000	93.000000	48
392	ASIL	1199.000000	45.000000	55.000000	49
391	ASIR	1206.000000	45.000000	79.000000	50
335	ASJL	1202.003356	80.004474	41.996644	51
360	ASJR	1204.000000	79.000000	93.000000	52
387	ASKL	1232.000000	40.000000	59.000000	53
388	ASKR	1240.000000	40.000000	77.000000	54
336	AUAL	1222.983051	83.983051	41.943503	55
362	AUAR	1224.000000	80.000000	93.000000	56
341	AVAL	1259.000000	63.000000	45.000000	57
367	AVAR	1265.000000	64.000000	91.000000	58
351	AVBL	1192.000000	60.000000	54.000000	59
400	AVBR	1197.000000	59.000000	83.000000	60
331	AVDL	1187.004489	66.022447	39.988777	61
358	AVDR	1189.004474	65.003356	93.003356	62
401	AVEL	1251.000000	70.000000	53.000000	63
395	AVER	1256.000000	68.000000	83.000000	64
450	AVG	1102.000000	102.000000	69.000000	65
337	AVHL	1195.899881	49.133492	46.733015	66
371	AVHR	1201.963595	49.036405	88.081911	67
333	AVJL	1185.000000	56.000000	45.000000	68
370	AVJR	1190.014035	53.148538	90.163743	69
438	AVKL	1158.000000	95.000000	48.000000	70
443	AVKR	1164.000000	94.000000	86.000000	71
424	AVL	1225.022857	82.942857	80.102857	72
350	AWAL	1218.000000	57.000000	54.000000	73
378	AWAR	1224.000000	58.000000	82.000000	74
339	AWBL	1221.016949	48.954802	46.960452	75
373	AWBR	1228.008979	49.982043	89.015713	76
343	AWCL	1239.000000	76.000000	42.000000	77
363	AWCR	1243.003356	74.001119	93.005593	78
237	B	267.000000	84.000000	70.000000	79
457	BAGL	1310.000000	73.938845	44.959230	80
470	BAGR	1312.000000	77.000000	93.000000	81
5	BDUL	1022.426045	72.858546	41.686500	82
108	BDUR	1013.589339	74.744193	86.068791	83
143	CANL	698.000000	69.000000	46.000000	84
112	CANR	734.822362	77.234848	86.196970	85
44	CCLA	754.146996	102.439563	59.865828	86
185	CCLP	712.000000	92.000000	52.000000	87
99	CCRA	984.322698	91.683379	81.605895	88
77	CCRP	970.966136	93.433556	74.865059	89
384	CEPDL	1259.000000	43.000000	58.000000	90
383	CEPDR	1265.017957	39.991021	80.015713	91
461	CEPSHDL	1299.000000	51.000000	50.000000	92
478	CEPSHDR	1302.000000	50.000000	85.000000	93
462	CEPSHVL	1294.000000	89.000000	49.000000	94
479	CEPSHVR	1300.000000	85.000000	89.000000	95
495	CEPSODL	1345.000000	57.000000	48.000000	96
493	CEPSODR	1348.000000	59.000000	90.000000	97
505	CEPSOVL	1326.000000	91.000000	51.000000	98
502	CEPSOVR	1329.000000	100.000000	83.000000	99
498	CEPVL	1297.000000	95.000000	60.000000	100
497	CEPVR	1295.000000	98.000000	78.000000	101
456	DA1	1056.000000	105.000000	67.000000	102
134	DA2	992.000000	102.000000	64.000000	103
50	DA3	924.635329	104.282934	63.013473	104
54	DA4	830.214110	102.506470	64.490142	105
131	DA5	710.000000	109.000000	67.000000	106
128	DA6	554.000000	103.000000	64.000000	107
125	DA7	421.984287	95.008979	70.017957	108
68	DA8	388.282482	96.417308	70.234430	109
246	DA9	311.000000	91.000000	80.000000	110
454	DB1	1083.000000	106.000000	69.000000	111
445	DB2	1185.000000	102.000000	64.000000	112
51	DB3	1017.534370	105.131460	63.642750	113
49	DB4	896.839369	104.901285	61.697138	114
132	DB5	736.000000	108.000000	67.000000	115
129	DB6	584.000000	103.000000	64.000000	116
126	DB7	444.000000	97.000000	70.000000	117
453	DD1	1079.000000	93.000000	61.000000	118
57	DD2	948.468005	102.927161	64.616065	119
133	DD3	811.000000	102.000000	65.000000	120
130	DD4	642.000000	103.000000	65.000000	121
127	DD5	493.000000	101.000000	68.000000	122
245	DD6	318.000000	95.000000	69.000000	123
240	DEP	262.000000	60.000000	70.000000	124
167	DL1	1469.000000	55.000000	52.000000	125
16	DL10	1048.252174	37.861924	48.259816	126
205	DL11	957.638934	30.097336	55.029726	127
204	DL12	896.421423	39.830670	48.089992	128
23	DL13	846.854455	35.946297	53.700530	129
24	DL14	771.183173	41.449794	54.788629	130
203	DL15	727.039135	44.540680	56.737642	131
31	DL16	643.229152	44.221841	55.898561	132
32	DL17	575.047256	44.844247	55.711803	133
202	DL18	500.000000	49.000000	59.000000	134
201	DL19	442.979839	46.988306	59.053226	135
27	DL2	1428.452055	46.846472	54.126648	136
42	DL20	391.672683	49.343109	61.001436	137
241	DL21	238.000000	57.000000	69.000000	138
25	DL3	1391.735417	42.417338	55.250725	139
168	DL4	1358.000000	47.000000	50.000000	140
169	DL5	1277.000000	39.609848	57.390152	141
170	DL6	1277.000000	46.000000	51.000000	142
39	DL7	1173.877770	29.263045	59.282702	143
14	DL8	1118.800641	37.700000	47.299679	144
206	DL9	1078.740966	33.315958	55.409018	145
111	DR1	1470.790787	56.723252	86.899064	146
211	DR10	1077.000000	45.000000	85.000000	147
209	DR11	1019.419291	32.296998	69.877461	148
210	DR12	928.387226	38.938686	78.905839	149
208	DR13	896.000000	36.000000	74.000000	150
207	DR14	842.655967	41.368879	77.846210	151
76	DR15	778.955575	41.785573	75.639323	152
95	DR16	684.063174	51.342065	79.313229	153
72	DR17	618.894650	44.810183	74.253637	154
73	DR18	545.707590	48.516047	73.879776	155
79	DR19	474.749505	46.903066	75.890455	156
175	DR2	1437.000000	49.000000	86.000000	157
85	DR20	396.997613	48.310113	75.882595	158
88	DR21	309.827285	54.270728	76.898808	159
92	DR3	1399.416032	44.990552	79.224017	160
107	DR4	1368.633038	51.322124	87.286726	161
176	DR5	1291.000000	39.000000	81.000000	162
177	DR6	1279.000000	46.000000	87.000000	163
78	DR7	1185.201616	31.183845	74.454281	164
91	DR8	1154.811501	34.191585	80.330154	165
84	DR9	1092.333108	35.167060	76.641242	166
238	DVA	282.000000	57.000000	70.000000	167
239	DVC	274.000000	69.000000	70.000000	168
313	E1D	1443.000000	51.000000	70.000000	169
315	E1VL	1465.000000	82.000000	59.000000	170
314	E1VR	1455.000000	81.000000	82.000000	171
63	E2D	1507.598089	58.761537	67.086603	172
34	E2VL	1521.752473	84.157230	55.877499	173
86	E2VR	1516.750306	83.720546	76.182430	174
306	E3D	1407.615981	52.566401	67.173085	175
312	E3VL	1439.000000	80.081925	56.655397	176
311	E3VR	1426.000000	82.000000	80.000000	177
432	EXC	1192.000000	82.000000	62.000000	178
431	EXC/DUCT	1210.000000	80.000000	58.000000	179
439	EXC/GL/L	1084.000000	88.000000	49.000000	180
444	EXC/GL/R	1097.000000	86.000000	85.000000	181
236	F	290.000000	70.000000	70.000000	182
329	FLPL	1170.000000	70.000000	40.000000	183
356	FLPR	1173.861789	63.078978	93.118467	184
410	G1	1248.000000	108.000000	68.000000	185
28	G1AL	1151.823510	60.037565	53.481541	186
80	G1AR	1150.416965	50.207020	76.204420	187
261	G1P	1109.986547	51.996637	75.986547	188
411	G2	1227.000000	100.000000	66.000000	189
260	G2L	1104.000000	85.000000	61.000000	190
259	G2R	1101.013514	78.975225	75.966216	191
380	GLRDL	1270.000000	53.000000	62.000000	192
379	GLRDR	1273.000000	53.000000	75.000000	193
406	GLRL	1261.958668	75.876005	55.944891	194
408	GLRR	1268.000000	73.000000	82.000000	195
407	GLRVL	1265.020247	84.983127	60.026997	196
409	GLRVR	1269.000000	84.000000	78.000000	197
325	H0L	1426.000000	68.000000	42.000000	198
473	H0R	1405.931382	72.654750	95.139875	199
324	H1L	1289.000000	72.000000	41.000000	200
471	H1R	1287.000000	74.000000	96.000000	201
323	H2L	1136.185552	64.596239	35.909451	202
124	H2R	1134.601255	62.134504	93.863488	203
55	HMC	1154.317772	27.359305	64.529298	204
144	HSNL	668.000000	88.000000	46.000000	205
115	HSNR	682.518386	89.508949	87.061829	206
60	HYP101	108.780353	70.984265	67.060812	207
253	HYP102	63.822724	71.688576	65.470039	208
52	HYP11	160.556816	70.955114	63.502086	209
512	HYP1L	1407.000000	57.000000	49.000000	210
526	HYP1R	1400.000000	63.000000	92.000000	211
545	HYP1V	1478.000000	102.000000	73.000000	212
515	HYP2L	1460.000000	66.000000	46.000000	213
544	HYP2V	1513.000000	99.000000	70.000000	214
534	HYP31	1511.000000	45.000000	68.000000	215
535	HYP32	1499.000000	42.000000	67.000000	216
533	HYP4D	1561.222803	50.199154	66.119990	217
56	HYP4V1	1550.437856	94.363455	64.303877	218
53	HYP4V2	1532.751769	97.100101	64.259858	219
10	HYP5L	1510.928255	72.383918	45.336558	220
532	HYP5R	1492.958341	68.779989	87.624884	221
69	HYP6D1	1460.017147	33.781893	70.181070	222
541	HYP6D2	1413.000000	37.000000	69.000000	223
61	HYP6D3	1367.513154	36.341991	68.110889	224
58	HYP6D4	1349.479112	37.526731	67.791995	225
552	HYP6V1	1422.000000	107.000000	71.000000	226
553	HYP6V2	1361.000000	110.000000	71.000000	227
250	HYP71	221.000000	87.000000	69.000000	228
67	HYP72	203.339471	80.097353	70.159954	229
322	HYP7ABLD	1081.000000	62.000000	38.000000	230
320	HYP7ABLV	1056.491143	70.755757	39.332374	231
118	HYP7ABR3	1036.004696	72.559953	88.927553	232
472	HYP7ABRD	1078.281666	58.097885	91.353608	233
122	HYP7ABRV	1069.709449	75.391780	92.041940	234
542	HYP7D1	1328.000000	34.000000	71.000000	235
543	HYP7D2	1230.864874	27.179947	66.241700	236
145	HYP7LC1	952.762952	50.422972	39.166837	237
147	HYP7LC2	827.714975	56.068671	40.759377	238
7	HYP7LC3	721.070460	58.841113	43.706711	239
9	HYP7LC4	577.337355	61.079447	45.455201	240
17	HYP7LC5	447.185050	62.794287	50.438165	241
155	HYP7LC6	295.864007	62.729828	52.049864	242
156	HYP7RC1	897.743374	60.539055	87.768195	243
116	HYP7RC2	811.614743	66.823505	88.541168	244
158	HYP7RC3	697.942104	71.041544	88.901738	245
160	HYP7RC4	578.229297	64.852135	85.877698	246
162	HYP7RC5	457.191369	60.314883	86.562367	247
165	HYP7RC6	302.016873	64.996625	87.033746	248
554	HYP7V1	1325.000000	110.000000	71.000000	249
555	HYP7V2	1298.000000	109.000000	71.000000	250
251	HYP8	181.372452	77.300248	68.594589	251
252	HYP9	127.355247	76.043616	67.399494	252
33	I1L	1406.991097	80.246400	57.384918	253
303	I1R	1394.998881	82.996644	77.994407	254
293	I2L	1369.000000	87.000000	52.000000	255
291	I2R	1363.000000	88.000000	83.000000	256
59	I3	1341.216354	54.619818	66.796422	257
46	I4	1155.228076	44.540514	63.923975	258
65	I5	1149.182872	88.851323	68.502230	259
21	I6	1140.895767	50.192110	52.502566	260
490	IL1DL	1324.180268	43.954933	65.639464	261
491	IL1DR	1320.000000	45.000000	74.000000	262
459	IL1L	1336.000000	75.000000	43.000000	263
486	IL1R	1339.000000	79.000000	91.000000	264
501	IL1VL	1304.983184	96.000000	69.989910	265
558	IL1VR	1316.000000	95.000000	75.000000	266
494	IL2DL	1338.000000	43.000000	57.000000	267
492	IL2DR	1346.000000	44.000000	82.000000	268
476	IL2L	1352.023622	63.020247	41.979753	269
475	IL2R	1356.000000	67.000000	93.000000	270
503	IL2VL	1320.828851	102.704156	64.742054	271
504	IL2VR	1363.000000	103.000000	82.000000	272
511	ILSHDL	1393.000000	55.000000	51.000000	273
523	ILSHDR	1396.726552	60.817701	84.361955	274
508	ILSHL	1398.000000	84.000000	45.000000	275
525	ILSHR	1397.000000	89.000000	88.000000	276
551	ILSHVL	1419.933254	99.766389	64.799762	277
547	ILSHVR	1428.245783	99.763855	73.110843	278
539	ILSODL	1472.000000	45.000000	59.000000	279
537	ILSODR	1454.000000	41.000000	80.000000	280
517	ILSOL	1421.000000	83.000000	46.000000	281
531	ILSOR	1422.000000	76.000000	91.000000	282
550	ILSOVL	1440.000000	102.000000	65.000000	283
546	ILSOVR	1451.000000	101.000000	73.000000	284
181	IML	377.548070	87.622207	56.404367	285
182	IMR	371.000000	88.000000	85.000000	286
18	IND2	975.353999	72.432628	49.559140	287
136	IND3	911.000000	45.000000	64.000000	288
40	IND4	830.640223	47.761905	63.090983	289
138	IND5	705.000000	63.000000	57.000000	290
43	IND6	610.342738	56.592381	62.246652	291
139	IND7	508.000000	56.000000	68.000000	292
141	IND8	419.630177	54.732034	66.390225	293
36	IND9	353.193809	63.966863	57.893612	294
26	INDL1	1022.163799	41.890915	55.559532	295
90	INDR1	1012.193427	46.436323	78.369223	296
83	INV2	955.131672	79.674643	76.163103	297
137	INV3	884.000000	90.000000	64.000000	298
556	INV4	798.000000	87.000000	65.000000	299
74	INV5	745.314432	61.054674	74.299869	300
64	INV6	646.429862	84.028650	70.039824	301
48	INV7	553.632826	85.137827	65.342376	302
140	INV8	454.702001	83.960688	67.171113	303
142	INV9	368.985884	85.985884	73.915305	304
19	INVL1	1022.868886	90.112049	52.654165	305
135	INVR1	1027.000000	88.000000	79.000000	306
234	K	296.954494	65.072810	59.954494	307
233	K'	297.063709	65.963595	77.063709	308
221	LUAL	271.988802	64.993281	58.001120	309
228	LUAR	264.000000	67.000000	81.000000	310
96	M	561.826621	74.829793	78.988690	311
268	M1	1137.000000	46.000000	79.000000	312
272	M2L	1158.353024	80.129395	54.353024	313
271	M2R	1158.000000	72.000000	80.000000	314
47	M3L	1314.319942	79.734971	61.658671	315
283	M3R	1313.000000	78.000000	78.000000	316
282	M4	1314.000000	60.000000	68.000000	317
13	M5	1116.692016	66.532345	46.466078	318
296	MC1DL	1374.755202	64.194614	55.804162	319
295	MC1DR	1376.774155	64.169082	78.793478	320
294	MC1V	1374.000000	95.000000	67.000000	321
281	MC2DL	1185.100119	50.133492	59.266985	322
280	MC2DR	1182.892361	48.035880	74.856481	323
279	MC2V	1181.000000	67.000000	67.000000	324
264	MC3DL	1122.000000	52.000000	51.000000	325
263	MC3DR	1118.000000	54.000000	84.000000	326
262	MC3V	1114.000000	89.000000	73.000000	327
292	MCL	1365.929825	81.883041	60.187135	328
290	MCR	1361.942715	82.713574	75.599004	329
285	MI	1355.965318	51.930636	67.156069	330
284	NSML	1342.000000	87.000000	55.000000	331
98	NSMR	1342.460272	86.297891	80.113551	332
464	OLLL	1327.035880	59.892361	52.143519	333
481	OLLR	1327.000000	61.000000	86.000000	334
506	OLLSHL	1395.000000	72.000000	43.000000	335
520	OLLSHR	1376.000000	78.000000	91.000000	336
510	OLLSOL	1372.000000	56.000000	46.000000	337
522	OLLSOR	1383.000000	60.000000	85.000000	338
489	OLQDL	1310.000000	42.000000	65.000000	339
488	OLQDR	1308.921087	40.921087	73.631307	340
509	OLQSHDL	1385.895282	58.044879	43.895282	341
521	OLQSHDR	1377.713574	64.229141	91.343711	342
507	OLQSHVL	1379.000000	76.000000	42.000000	343
524	OLQSHVR	1382.000000	88.000000	88.000000	344
540	OLQSODL	1439.000000	38.000000	63.000000	345
538	OLQSODR	1422.131488	40.041522	75.093426	346
516	OLQSOVL	1411.000000	89.000000	49.000000	347
530	OLQSOVR	1410.000000	87.000000	88.000000	348
467	OLQVL	1310.000000	83.000000	51.000000	349
484	OLQVR	1318.801653	86.085006	86.829988	350
4	P1/2L	930.833924	89.322025	40.027342	351
114	P1/2R	929.211369	82.709452	87.950147	352
154	P11/12L	329.938519	87.368883	52.631117	353
164	P11/12R	338.000000	83.000000	87.000000	354
6	P3/4L	828.959730	83.006524	41.396625	355
110	P3/4R	829.180673	86.592664	87.085136	356
149	P5/6L	703.000000	87.000000	43.000000	357
157	P5/6R	726.000000	93.000000	89.000000	358
11	P7/8L	588.272840	86.199118	46.340388	359
159	P7/8R	598.596721	88.653992	85.764259	360
152	P9/10L	454.000000	84.000000	52.000000	361
161	P9/10R	473.424386	84.860649	85.478424	362
222	PHAL	283.000000	84.000000	60.000000	363
229	PHAR	278.000000	84.000000	81.000000	364
223	PHBL	282.000000	71.000000	57.000000	365
230	PHBR	275.000000	72.000000	83.000000	366
215	PHSHL	248.000000	73.000000	62.000000	367
218	PHSHR	245.000000	74.000000	73.000000	368
214	PLML	218.981797	79.936291	60.927190	369
217	PLMR	224.085006	79.801653	75.170012	370
302	PM1DL	1380.000000	58.000000	61.000000	371
301	PM1DR	1375.921022	56.980256	70.177700	372
299	PM1L	1381.000000	73.000000	54.000000	373
300	PM1R	1380.022599	76.994350	80.943503	374
298	PM1VL	1382.000000	89.000000	60.000000	375
297	PM1VR	1376.996641	87.011198	75.994401	376
66	PM2D1	1486.159420	56.075362	68.264596	377
62	PM2D2	1468.641682	53.777464	69.632043	378
319	PM2VL1	1498.000000	85.000000	57.000000	379
318	PM2VL2	1482.000000	85.000000	58.000000	380
317	PM2VR1	1490.000000	84.000000	79.000000	381
316	PM2VR2	1474.000000	82.000000	80.000000	382
308	PM3DL	1440.859873	58.490446	65.719745	383
307	PM3DR	1425.000000	58.000000	75.000000	384
304	PM3L	1418.000000	72.000000	57.000000	385
305	PM3R	1411.000000	75.000000	81.000000	386
310	PM3VL	1445.082664	83.041332	64.110218	387
309	PM3VR	1446.889782	84.041332	75.917336	388
286	PM4DL	1358.000000	56.000000	58.000000	389
81	PM4DR	1356.908711	57.383524	75.910103	390
288	PM4L	1351.927017	74.854033	51.583867	391
287	PM4R	1356.000000	75.000000	83.000000	392
41	PM4VL	1356.443417	96.174813	59.557904	393
289	PM4VR	1353.000000	96.000000	74.000000	394
274	PM5DL	1166.000000	50.000000	60.000000	395
273	PM5DR	1167.000000	48.000000	71.000000	396
276	PM5L	1167.000000	64.000000	55.000000	397
275	PM5R	1167.000000	58.000000	78.000000	398
278	PM5VL	1164.000000	79.000000	60.000000	399
277	PM5VR	1165.016148	77.983852	70.161476	400
269	PM6D	1143.000000	47.000000	64.000000	401
270	PM6VL	1143.000000	82.000000	56.000000	402
97	PM6VR	1141.651082	72.809998	80.325044	403
265	PM7D	1124.000000	42.000000	63.000000	404
267	PM7VL	1120.000000	85.000000	52.000000	405
266	PM7VR	1119.000000	75.000000	85.000000	406
258	PM8	1093.000000	72.000000	67.000000	407
220	PVCL	264.000000	75.000000	60.000000	408
227	PVCR	259.000000	79.000000	81.000000	409
249	PVPL	339.000000	93.000000	68.000000	410
247	PVPR	330.000000	90.000000	80.000000	411
224	PVQL	296.000000	81.000000	57.000000	412
231	PVQR	294.000000	79.000000	84.000000	413
70	PVR	208.441959	62.911467	71.014834	414
248	PVT	346.000000	92.000000	78.000000	415
15	QL	499.825754	65.249371	50.437552	416
105	QR	670.744214	67.963255	85.065140	417
235	REPD	302.000000	57.000000	65.000000	418
225	REPVL	314.000000	81.000000	59.000000	419
232	REPVR	316.000000	79.000000	83.000000	420
349	RIAL	1246.000000	50.000000	55.000000	421
376	RIAR	1252.000000	54.000000	80.000000	422
403	RIBL	1208.996625	71.973003	49.973003	423
397	RIBR	1216.000000	71.000000	83.000000	424
330	RICL	1183.080738	78.064591	39.870819	425
357	RICR	1177.041332	77.944891	93.123995	426
381	RID	1277.000000	34.000000	69.000000	427
449	RIFL	1111.000000	106.000000	62.000000	428
448	RIFR	1122.000000	103.000000	77.000000	429
452	RIGL	1093.000000	100.000000	59.000000	430
455	RIGR	1070.000000	98.000000	67.000000	431
412	RIH	1254.044025	91.062893	68.207547	432
404	RIML	1196.000000	72.000000	48.000000	433
398	RIMR	1199.000000	75.000000	83.000000	434
463	RIPL	1313.000000	62.000000	53.000000	435
480	RIPR	1313.000000	61.000000	86.000000	436
419	RIR	1241.982301	85.733249	77.070796	437
442	RIS	1174.000000	82.000000	84.000000	438
393	RIVL	1182.000000	46.000000	51.000000	439
394	RIVR	1189.000000	46.000000	83.000000	440
415	RMDDL	1259.000000	90.000000	52.000000	441
416	RMDDR	1260.000000	89.000000	86.000000	442
345	RMDL	1266.000000	78.000000	45.000000	443
365	RMDR	1269.000000	80.000000	92.000000	444
342	RMDVL	1274.000000	63.000000	45.000000	445
368	RMDVR	1282.000000	62.000000	91.000000	446
487	RMED	1298.000000	37.000000	69.000000	447
460	RMEL	1301.000000	66.000000	50.000000	448
477	RMER	1301.000000	64.000000	90.000000	449
496	RMEV	1286.000000	99.000000	68.000000	450
326	RMGL	1130.541032	80.077745	37.616731	451
353	RMGR	1131.000000	79.000000	94.000000	452
414	SAADL	1252.761158	90.000000	59.278649	453
413	SAADR	1254.009792	90.182375	77.671971	454
347	SAAVL	1263.931429	58.057143	54.920000	455
375	SAAVR	1265.895282	56.044879	82.104718	456
451	SABD	1092.000000	97.000000	75.000000	457
446	SABVL	1165.000000	108.000000	65.000000	458
447	SABVR	1172.000000	103.000000	74.000000	459
428	SIADL	1226.000000	87.000000	52.000000	460
427	SIADR	1219.000000	92.000000	88.000000	461
430	SIAVL	1209.000000	94.000000	49.000000	462
429	SIAVR	1210.000000	90.000000	77.000000	463
344	SIBDL	1252.000000	80.000000	43.000000	464
364	SIBDR	1254.000000	80.000000	94.000000	465
435	SIBVL	1244.000000	84.000000	52.000000	466
434	SIBVR	1249.000000	84.000000	84.000000	467
423	SMBDL	1226.000000	100.000000	51.000000	468
422	SMBDR	1227.000000	97.000000	80.000000	469
421	SMBVL	1236.005593	92.003356	58.998881	470
420	SMBVR	1239.000000	93.000000	72.000000	471
418	SMDDL	1245.000000	99.000000	51.000000	472
417	SMDDR	1241.000000	95.000000	86.000000	473
346	SMDVL	1254.157956	51.019744	48.881533	474
374	SMDVR	1255.210191	48.649682	86.420382	475
226	SPH	331.000000	81.000000	59.000000	476
212	TL	228.000000	66.000000	59.000000	477
213	TR	224.000000	67.000000	76.000000	478
244	U	309.987400	85.936999	70.886598	479
466	URADL	1324.000000	46.026376	55.868119	480
483	URADR	1332.000000	48.000000	83.000000	481
500	URAVL	1311.000000	94.000000	57.000000	482
499	URAVR	1308.668734	93.889578	82.331266	483
468	URBL	1325.000000	66.000000	44.000000	484
474	URBR	1330.044879	68.104718	93.104718	485
385	URXL	1248.000000	41.000000	64.000000	486
386	URXR	1257.000000	44.000000	73.000000	487
465	URYDL	1313.000000	48.000000	53.000000	488
482	URYDR	1318.980256	49.078978	83.177700	489
469	URYVL	1324.000000	80.000000	45.000000	490
485	URYVR	1326.000000	83.000000	93.000000	491
1	V1L	991.881317	67.347243	38.328371	492
117	V1R	987.250405	70.809361	88.573897	493
146	V2L	878.650576	80.268971	39.589988	494
103	V2R	875.802010	81.024213	84.769890	495
148	V3L	768.994869	80.794278	43.722438	496
109	V3R	769.512627	87.725484	86.985241	497
150	V4L	630.079223	80.944359	46.192663	498
113	V4R	628.758102	78.473139	87.656496	499
151	V5L	490.814855	82.601343	51.076440	500
102	V5R	514.387194	79.778422	85.053063	501
153	V6L	406.273466	75.897530	51.766375	502
163	V6R	410.811343	74.182780	87.775639	503
45	VIRL	322.893222	64.302277	63.495682	504
82	VIRR	325.629421	71.695284	74.671451	505
171	VL1	1465.000000	85.184442	50.508156	506
189	VL10	1056.000000	100.000000	47.000000	507
188	VL11	966.435644	99.755341	57.881970	508
187	VL12	918.497650	94.460836	49.906527	509
186	VL13	843.197671	98.103133	54.535625	510
20	VL14	775.606234	95.582856	52.118038	511
38	VL15	720.153233	102.295537	57.899818	512
30	VL16	630.653732	95.471175	54.044346	513
184	VL17	515.208872	97.573799	59.588160	514
183	VL18	429.000000	91.000000	62.000000	515
243	VL19	254.000000	87.000000	63.000000	516
29	VL2	1435.539967	95.292384	52.967696	517
35	VL3	1387.340800	104.540398	55.917694	518
172	VL4	1342.000000	95.040632	46.959368	519
173	VL5	1288.000000	105.000000	56.000000	520
174	VL6	1275.000000	96.000000	48.000000	521
22	VL7	1185.817762	100.113963	51.362936	522
191	VL8	1101.000000	97.000000	46.000000	523
190	VL9	1070.000000	100.000000	55.000000	524
257	VPI1	1095.000000	43.000000	63.000000	525
321	VPI2DL	1089.000000	61.000000	50.000000	526
93	VPI2DR	1091.898659	54.172578	79.987779	527
256	VPI2V	1084.954802	79.039548	70.016949	528
254	VPI3D	1086.289474	43.000000	63.000000	529
255	VPI3V	1078.917336	70.889782	66.958668	530
178	VR1	1445.000000	86.000000	91.000000	531
197	VR10	1063.000000	96.000000	86.000000	532
196	VR11	994.949323	101.280161	76.175353	533
195	VR12	921.664367	93.490010	79.105852	534
194	VR13	881.000000	100.000000	73.000000	535
94	VR14	818.209221	92.859069	78.827969	536
89	VR15	752.964058	102.680391	76.106915	537
193	VR16	658.862511	97.766136	78.469054	538
87	VR17	587.774107	95.716071	76.455134	539
192	VR18	513.411916	95.073511	77.481210	540
101	VR19	424.157656	89.845740	80.969431	541
106	VR2	1428.553838	96.239310	83.803967	542
242	VR20	245.952009	87.629464	75.300223	543
100	VR3	1397.879118	100.371466	80.337224	544
119	VR4	1345.236019	95.164929	90.537915	545
179	VR5	1286.000000	95.000000	90.000000	546
180	VR6	1274.000000	102.000000	83.000000	547
200	VR7	1199.748786	100.873467	79.561184	548
199	VR8	1115.000000	96.000000	87.000000	549
198	VR9	1078.000000	98.000000	81.000000	550
433	W	1207.000000	104.000000	63.000000	551
458	XXXL	1353.000000	77.000000	43.000000	552
123	XXXR	1358.845110	79.978768	93.571876	553
71	YPDA	296.762277	98.580078	71.039900	554
166	Z1	720.000000	98.000000	78.000000	555
75	Z2	695.968000	92.037873	75.512405	556
557	Z3	679.445608	91.921847	59.094482	557
37	Z4	657.077818	95.141944	59.240986	558
