label_number	label_name	x	y	z	Aligned_No
390	ADAL	1146.917336	90.041332	39.889782	1
435	ADAR	1145.988802	90.003359	91.005599	2
391	ADEL	1153.000000	87.000000	48.000000	3
438	ADER	1156.000000	87.000000	86.000000	4
169	ADESHL	1107.000000	83.000000	40.000000	5
433	ADESHR	1097.000000	85.000000	91.000000	6
418	ADFL	1228.000000	61.000000	55.000000	7
298	ADFR	1228.000000	62.000000	83.000000	8
426	ADLL	1201.000000	50.000000	62.000000	9
462	ADLR	1209.000000	49.000000	75.000000	10
406	AFDL	1240.000000	66.000000	43.000000	11
20	AFDR	1244.501859	66.907993	90.700743	12
472	AIAL	1221.000000	97.000000	60.000000	13
475	AIAR	1218.010078	97.997760	70.992161	14
416	AIBL	1227.000000	80.000000	55.000000	15
458	AIBR	1232.000000	76.000000	82.000000	16
370	AIML	1178.000000	98.000000	62.000000	17
373	AIMR	1183.772201	96.772201	75.468468	18
395	AINL	1161.000000	65.000000	50.000000	19
439	AINR	1163.000000	72.000000	85.000000	20
371	AIYL	1173.921022	97.138211	51.118467	21
374	AIYR	1187.000000	100.000000	83.000000	22
413	AIZL	1178.000000	81.000000	55.000000	23
455	AIZR	1177.000000	83.000000	82.000000	24
429	ALA	1261.000000	45.000000	66.000000	25
167	ALML	847.000000	53.000000	46.000000	26
248	ALMR	881.000000	55.000000	85.000000	27
66	ALNL	280.000000	74.000000	55.000000	28
38	ALNR	278.000000	64.000000	76.000000	29
173	AMSHL	1127.000000	56.000000	42.000000	30
198	AMSHR	1153.000000	56.000000	87.000000	31
541	AMSOL	1410.000000	62.000000	48.000000	32
501	AMSOR	1430.000000	66.000000	90.000000	33
538	ARCADL	1467.000000	79.000000	45.000000	34
499	ARCADR	1448.000000	73.000000	90.000000	35
356	ARCAV	1515.000000	101.000000	67.000000	36
345	ARCPD	1497.000000	51.000000	74.000000	37
540	ARCPDL	1427.000000	66.000000	48.000000	38
502	ARCPDR	1413.000000	65.000000	87.000000	39
358	ARCPV	1486.000000	101.000000	74.000000	40
537	ARCPVL	1437.000000	85.000000	47.000000	41
500	ARCPVR	1434.000000	82.000000	90.000000	42
405	ASEL	1199.000000	66.000000	44.000000	43
450	ASER	1200.000000	67.000000	91.000000	44
398	ASGL	1195.000000	55.000000	47.000000	45
442	ASGR	1202.000000	52.000000	86.000000	46
404	ASHL	1221.000000	69.000000	44.000000	47
449	ASHR	1224.000000	71.000000	91.000000	48
425	ASIL	1183.000000	56.000000	59.000000	49
461	ASIR	1192.000000	57.000000	75.000000	50
401	ASJL	1202.000000	85.000000	43.000000	51
447	ASJR	1205.000000	85.000000	91.000000	52
427	ASKL	1227.000000	47.000000	60.000000	53
103	ASKR	1227.744741	47.000000	80.893408	54
402	AUAL	1219.988701	88.966102	42.949153	55
448	AUAR	1221.000000	88.000000	91.000000	56
407	AVAL	1257.000000	76.000000	49.000000	57
444	AVAR	1264.000000	74.000000	91.000000	58
412	AVBL	1175.000000	65.000000	55.000000	59
454	AVBR	1191.000000	67.000000	82.000000	60
394	AVDL	1184.068571	75.942857	47.920000	61
451	AVDR	1182.000000	74.000000	89.000000	62
417	AVEL	1246.000000	78.000000	55.000000	63
459	AVER	1255.000000	77.000000	82.000000	64
385	AVG	1152.000000	110.000000	69.000000	65
397	AVHL	1178.000000	51.000000	47.000000	66
441	AVHR	1185.000000	55.000000	86.000000	67
396	AVJL	1172.978311	67.021689	44.891553	68
440	AVJR	1174.000000	62.188264	86.376528	69
372	AVKL	1158.005599	97.011198	51.003359	70
376	AVKR	1162.020247	96.030371	82.989876	71
477	AVL	1223.000000	91.000000	80.000000	72
7	AWAL	1207.312180	59.636643	56.578301	73
15	AWAR	1212.687246	59.711669	80.778833	74
399	AWBL	1219.000000	52.000000	48.000000	75
443	AWBR	1223.000000	54.000000	90.000000	76
403	AWCL	1239.002245	84.984287	42.979798	77
21	AWCR	1238.172479	80.668238	90.341188	78
70	B	303.000000	88.000000	72.000000	79
519	BAGL	1300.198347	93.829988	43.914994	80
494	BAGR	1305.969158	90.845789	89.246738	81
168	BDUL	1047.000000	79.000000	46.000000	82
251	BDUR	997.000000	72.000000	79.000000	83
166	CANL	727.000000	73.000000	46.000000	84
247	CANR	752.000000	72.000000	85.000000	85
164	CCLA	866.012600	91.063001	48.113402	86
163	CCLP	844.000000	94.000000	48.000000	87
82	CCRA	976.000000	97.000000	80.000000	88
81	CCRP	948.000000	103.000000	78.000000	89
432	CEPDL	1263.000000	50.000000	55.000000	90
431	CEPDR	1263.000000	49.000000	81.000000	91
550	CEPSHDL	1299.000000	62.000000	49.000000	92
488	CEPSHDR	1297.000000	63.000000	89.000000	93
520	CEPSHVL	1293.000000	100.000000	47.000000	94
495	CEPSHVR	1286.000000	92.000000	89.000000	95
546	CEPSODL	1336.000000	65.000000	42.000000	96
507	CEPSODR	1341.000000	63.000000	87.000000	97
527	CEPSOVL	1332.000000	105.000000	50.000000	98
497	CEPSOVR	1332.139194	106.721612	81.278388	99
522	CEPVL	1289.938845	111.000000	60.959230	100
498	CEPVR	1287.000000	113.000000	73.000000	101
388	DA1	1098.000000	113.000000	63.000000	102
232	DA2	1022.000000	108.000000	62.000000	103
234	DA3	934.000000	108.000000	63.000000	104
236	DA4	854.000000	109.000000	63.000000	105
239	DA5	726.000000	113.000000	64.000000	106
242	DA6	571.000000	104.000000	64.000000	107
245	DA7	455.000000	99.000000	69.000000	108
48	DA8	353.000000	93.000000	65.000000	109
45	DA9	349.007839	82.997760	75.010078	110
14	DB1	1132.366776	115.529605	67.031250	111
379	DB2	1177.000000	116.000000	64.000000	112
9	DB3	1048.175092	111.062269	63.368064	113
235	DB4	904.000000	110.000000	63.000000	114
238	DB5	756.000000	111.000000	64.000000	115
241	DB6	602.000000	104.000000	64.000000	116
244	DB7	479.000000	101.000000	69.000000	117
386	DD1	1136.000000	109.000000	59.000000	118
233	DD2	976.000000	109.000000	62.000000	119
237	DD3	832.000000	111.000000	63.000000	120
240	DD4	651.000000	105.000000	64.000000	121
243	DD5	504.000000	103.000000	69.000000	122
49	DD6	362.000000	85.000000	67.000000	123
55	DEP	289.992161	67.992161	62.006719	124
141	DL1	1476.000000	65.000000	50.000000	125
150	DL10	1068.000000	45.000000	52.000000	126
151	DL11	994.000000	41.000000	54.000000	127
152	DL12	929.000000	45.000000	56.000000	128
153	DL13	866.000000	43.000000	56.000000	129
154	DL14	810.000000	53.000000	53.000000	130
155	DL15	764.000000	56.000000	53.000000	131
156	DL16	682.000000	53.000000	53.000000	132
157	DL17	612.000000	48.000000	54.000000	133
158	DL18	519.000000	55.000000	54.000000	134
159	DL19	466.000000	57.000000	54.000000	135
142	DL2	1450.000000	56.000000	52.000000	136
160	DL20	378.000000	57.000000	54.000000	137
161	DL21	259.000000	69.000000	61.000000	138
143	DL3	1414.000000	48.000000	53.000000	139
144	DL4	1359.000000	55.000000	45.000000	140
145	DL5	1288.000000	45.000000	54.000000	141
146	DL6	1280.000000	53.000000	46.000000	142
147	DL7	1177.000000	41.000000	58.000000	143
148	DL8	1148.000000	39.000000	55.000000	144
149	DL9	1086.000000	36.000000	56.000000	145
96	DR1	1467.000000	61.000000	83.000000	146
107	DR10	1075.000000	51.000000	87.000000	147
108	DR11	1017.000000	38.000000	72.000000	148
109	DR12	945.000000	47.000000	79.000000	149
110	DR13	921.000000	45.000000	73.000000	150
111	DR14	863.000000	47.000000	80.000000	151
112	DR15	809.000000	48.000000	73.000000	152
113	DR16	740.000000	55.000000	76.000000	153
114	DR17	662.000000	49.000000	74.000000	154
115	DR18	591.000000	48.000000	74.000000	155
116	DR19	514.000000	53.000000	74.000000	156
97	DR2	1435.000000	55.000000	82.000000	157
117	DR20	435.000000	53.000000	74.000000	158
118	DR21	309.000000	53.000000	73.000000	159
98	DR3	1394.000000	48.000000	82.000000	160
100	DR4	1349.000000	54.000000	87.000000	161
101	DR5	1285.100119	45.866508	78.733015	162
102	DR6	1282.000000	50.000000	87.000000	163
104	DR7	1177.000000	41.000000	77.000000	164
105	DR8	1147.000000	40.000000	77.000000	165
106	DR9	1106.000000	39.000000	81.000000	166
65	DVA	305.000000	74.000000	65.000000	167
36	DVC	285.000000	86.000000	71.000000	168
255	E1D	1432.000000	57.000000	67.000000	169
261	E1VL	1458.033746	86.989876	55.986502	170
267	E1VR	1452.000000	86.326241	78.673759	171
252	E2D	1516.000000	62.000000	68.000000	172
273	E2VL	1522.000000	87.000000	58.000000	173
264	E2VR	1516.000000	83.000000	78.000000	174
256	E3D	1387.000000	59.000000	67.000000	175
262	E3VL	1424.000000	89.000000	56.000000	176
268	E3VR	1422.013453	90.013453	77.996637	177
5	EXC	1193.147418	98.831899	60.317312	178
4	EXC/DUCT	1204.597948	92.129113	54.451994	179
131	EXC/GL/L	1105.000000	105.000000	51.000000	180
86	EXC/GL/R	1115.000000	101.000000	87.000000	181
64	F	319.000000	77.000000	65.000000	182
392	FLPL	1166.000000	85.000000	45.000000	183
436	FLPR	1167.000000	89.000000	91.000000	184
10	G1	1244.533373	115.242891	66.744273	185
319	G1AL	1133.000000	63.000000	56.000000	186
318	G1AR	1133.000000	68.000000	84.000000	187
339	G1P	1082.000000	58.000000	73.000000	188
368	G2	1225.948864	108.068182	66.965909	189
337	G2L	1078.000000	94.000000	62.000000	190
338	G2R	1078.000000	91.000000	78.000000	191
310	GLRDL	1268.024803	58.020293	61.028185	192
309	GLRDR	1268.000000	60.000000	76.000000	193
424	GLRL	1259.000000	88.000000	57.000000	194
423	GLRR	1259.161836	85.323671	79.919082	195
422	GLRVL	1263.018038	97.040586	62.022548	196
421	GLRVR	1263.013498	95.033746	76.989876	197
170	H0L	1403.000000	80.000000	42.000000	198
197	H0R	1402.000000	75.000000	92.000000	199
171	H1L	1305.020247	80.016873	41.973003	200
23	H1R	1303.691562	76.952473	92.767216	201
172	H2L	1149.000000	77.000000	42.000000	202
22	H2R	1148.620706	75.368650	91.882438	203
369	HMC	1161.000000	46.000000	67.000000	204
165	HSNL	690.000000	93.000000	46.000000	205
246	HSNR	699.000000	87.000000	85.000000	206
25	HYP101	127.000000	77.000000	66.000000	207
24	HYP102	87.000000	76.000000	65.000000	208
30	HYP11	180.000000	72.000000	60.000000	209
542	HYP1L	1396.000000	62.000000	48.000000	210
503	HYP1R	1395.000000	63.000000	87.000000	211
359	HYP1V	1475.000000	104.000000	66.000000	212
539	HYP2L	1444.000000	72.000000	45.000000	213
357	HYP2V	1502.000000	101.000000	66.000000	214
341	HYP31	1537.000000	53.000000	65.000000	215
342	HYP32	1513.000000	49.000000	65.000000	216
340	HYP4D	1580.000000	61.000000	65.000000	217
354	HYP4V1	1570.000000	96.000000	63.000000	218
355	HYP4V2	1541.000000	101.000000	66.000000	219
140	HYP5L	1516.000000	78.000000	46.000000	220
95	HYP5R	1500.000000	73.000000	87.000000	221
348	HYP6D1	1461.000000	45.000000	66.000000	222
349	HYP6D2	1409.000000	49.000000	66.000000	223
350	HYP6D3	1369.000000	49.000000	64.000000	224
351	HYP6D4	1343.000000	49.000000	64.000000	225
364	HYP6V1	1446.000000	112.000000	69.000000	226
365	HYP6V2	1388.000000	110.000000	69.000000	227
29	HYP71	231.000000	88.000000	66.000000	228
28	HYP72	208.000000	82.000000	65.000000	229
175	HYP7ABLD	1066.000000	67.000000	42.000000	230
174	HYP7ABLV	1065.000000	83.000000	42.000000	231
201	HYP7ABR3	1039.000000	75.000000	86.000000	232
199	HYP7ABRD	1091.975113	64.000000	94.062217	233
200	HYP7ABRV	1072.000000	84.000000	91.000000	234
352	HYP7D1	1316.000000	47.000000	66.000000	235
353	HYP7D2	1230.000000	36.908987	69.972696	236
178	HYP7LC1	952.000000	58.000000	42.000000	237
181	HYP7LC2	854.000000	64.000000	39.000000	238
182	HYP7LC3	747.000000	66.000000	41.000000	239
186	HYP7LC4	608.000000	63.000000	46.000000	240
189	HYP7LC5	493.000000	70.000000	46.000000	241
193	HYP7LC6	326.000000	69.000000	50.000000	242
202	HYP7RC1	963.000000	52.000000	85.000000	243
205	HYP7RC2	838.000000	62.000000	85.000000	244
208	HYP7RC3	721.000000	63.000000	89.000000	245
210	HYP7RC4	608.000000	63.000000	86.000000	246
214	HYP7RC5	509.000000	67.000000	84.000000	247
218	HYP7RC6	339.000000	61.000000	82.000000	248
366	HYP7V1	1342.000000	119.000000	69.000000	249
367	HYP7V2	1310.980243	118.069909	68.945289	250
27	HYP8	186.068571	79.080000	65.057143	251
26	HYP9	156.000000	79.000000	66.000000	252
263	I1L	1392.000000	87.000000	58.000000	253
269	I1R	1398.000000	86.000000	76.000000	254
290	I2L	1362.045067	95.180268	54.360536	255
278	I2R	1364.000000	95.000000	81.000000	256
295	I3	1329.000000	68.000000	67.000000	257
322	I4	1139.000000	53.000000	69.000000	258
317	I5	1128.000000	99.000000	67.000000	259
316	I6	1121.000000	55.000000	56.000000	260
556	IL1DL	1318.000000	59.000000	59.000000	261
518	IL1DR	1320.000000	58.000000	77.000000	262
532	IL1L	1328.000000	88.000000	51.000000	263
486	IL1R	1327.023837	84.071510	85.960272	264
526	IL1VL	1317.000000	111.000000	67.000000	265
525	IL1VR	1299.000000	111.000000	67.000000	266
557	IL2DL	1346.000000	54.000000	52.000000	267
99	IL2DR	1341.000000	47.000000	78.000000	268
529	IL2L	1354.000000	81.000000	46.000000	269
485	IL2R	1341.000000	77.000000	92.000000	270
524	IL2VL	1329.000000	113.000000	61.000000	271
516	IL2VR	1329.000000	113.000000	75.000000	272
543	ILSHDL	1380.000000	61.000000	48.000000	273
504	ILSHDR	1379.000000	63.000000	88.000000	274
534	ILSHL	1385.000000	93.000000	47.000000	275
509	ILSHR	1379.000000	87.000000	88.000000	276
362	ILSHVL	1424.969629	105.000000	65.976378	277
363	ILSHVR	1434.000000	105.000000	73.000000	278
343	ILSODL	1486.000000	51.000000	61.000000	279
346	ILSODR	1476.000000	51.000000	74.000000	280
536	ILSOL	1414.000000	88.000000	47.000000	281
511	ILSOR	1413.000000	87.000000	89.000000	282
361	ILSOVL	1449.085006	104.801653	62.829988	283
360	ILSOVR	1460.000000	104.000000	73.000000	284
67	IML	390.000000	94.000000	54.000000	285
52	IMR	405.819775	81.939925	77.480601	286
8	IND2	963.378807	47.454597	67.237523	287
219	IND3	910.000000	57.000000	65.000000	288
221	IND4	848.000000	53.000000	65.000000	289
223	IND5	771.000000	63.000000	65.000000	290
226	IND6	631.000000	59.000000	63.000000	291
228	IND7	544.000000	61.000000	63.000000	292
231	IND8	457.000000	66.000000	62.000000	293
192	IND9	393.000000	73.000000	50.000000	294
3	INDL1	1018.799609	52.288926	54.908672	295
13	INDR1	1006.978002	52.049945	74.410210	296
195	INV2	961.146893	94.776045	55.839887	297
220	INV3	895.000000	95.000000	65.000000	298
222	INV4	808.000000	97.000000	65.000000	299
224	INV5	725.000000	77.000000	61.000000	300
225	INV6	677.000000	83.000000	72.000000	301
227	INV7	583.000000	88.000000	63.000000	302
229	INV8	494.000000	85.000000	69.000000	303
230	INV9	409.000000	83.000000	69.000000	304
2	INVL1	1015.772108	91.183077	52.310653	305
12	INVR1	1009.033108	89.507995	72.981532	306
69	K	319.579618	65.789809	55.350318	307
194	K'	326.000000	61.000000	73.000000	308
56	LUAL	297.082098	74.928164	56.000000	309
37	LUAR	293.973624	67.868119	77.000000	310
212	M	571.000000	66.000000	77.000000	311
315	M1	1121.000000	55.000000	82.000000	312
321	M2L	1140.000000	85.000000	54.000000	313
320	M2R	1140.000000	85.000000	78.000000	314
292	M3L	1304.981962	91.977452	62.040586	315
293	M3R	1307.000000	93.744741	73.106592	316
294	M4	1268.000000	69.000000	68.000000	317
331	M5	1090.000000	54.000000	54.000000	318
324	MC1DL	1371.000000	68.000000	55.000000	319
323	MC1DR	1371.000000	71.000000	80.000000	320
325	MC1V	1376.000000	99.000000	67.000000	321
302	MC2DL	1163.001119	71.003356	60.005593	322
301	MC2DR	1167.000000	70.000000	73.000000	323
300	MC2V	1171.000000	86.000000	68.000000	324
327	MC3DL	1094.000000	66.000000	52.000000	325
326	MC3DR	1096.000000	64.000000	84.000000	326
330	MC3V	1094.000000	99.000000	70.000000	327
289	MCL	1365.016949	87.960452	62.045198	328
277	MCR	1367.139194	88.721612	74.721612	329
286	MI	1344.000000	63.000000	68.000000	330
291	NSML	1343.127204	97.127204	54.508816	331
279	NSMR	1340.056671	97.141677	80.773318	332
547	OLLL	1324.986502	66.033746	52.010124	333
493	OLLR	1327.041332	68.917336	82.889782	334
533	OLLSHL	1373.000000	83.000000	44.000000	335
508	OLLSHR	1366.000000	82.000000	93.000000	336
545	OLLSOL	1356.000000	66.000000	46.000000	337
505	OLLSOR	1357.000000	63.000000	89.000000	338
555	OLQDL	1304.000000	54.000000	58.000000	339
517	OLQDR	1308.368883	55.061481	77.368883	340
544	OLQSHDL	1370.000000	71.000000	44.000000	341
506	OLQSHDR	1366.000000	69.000000	95.000000	342
530	OLQSHVL	1361.000000	91.000000	46.000000	343
512	OLQSHVR	1355.000000	85.000000	89.000000	344
344	OLQSODL	1465.064591	53.129181	60.919262	345
347	OLQSODR	1447.000000	50.000000	74.000000	346
535	OLQSOVL	1402.000000	94.000000	48.000000	347
510	OLQSOVR	1395.000000	96.000000	88.000000	348
521	OLQVL	1308.983184	97.000000	53.010090	349
496	OLQVR	1307.000000	96.000000	81.000000	350
177	P1/2L	952.000000	87.000000	42.000000	351
203	P1/2R	943.000000	88.000000	85.000000	352
196	P11/12L	367.000000	89.000000	48.000000	353
217	P11/12R	376.000000	82.000000	80.000000	354
180	P3/4L	865.000000	86.000000	39.000000	355
204	P3/4R	853.000000	87.000000	85.000000	356
183	P5/6L	743.000000	91.000000	41.000000	357
207	P5/6R	749.000000	87.000000	89.000000	358
185	P7/8L	614.000000	89.000000	46.000000	359
209	P7/8R	630.000000	86.000000	86.000000	360
190	P9/10L	494.000000	93.000000	48.000000	361
215	P9/10R	510.000000	88.000000	84.000000	362
59	PHAL	313.000000	88.000000	60.000000	363
41	PHAR	317.000000	81.000000	78.000000	364
58	PHBL	308.935409	79.870819	54.919262	365
40	PHBR	309.000000	67.000000	77.000000	366
6	PHSHL	267.232428	77.561747	59.134136	367
11	PHSHR	262.168348	67.733670	71.550451	368
54	PLML	258.000000	84.000000	59.000000	369
35	PLMR	274.000000	77.000000	74.000000	370
296	PM1DL	1369.102210	66.005525	63.219613	371
297	PM1DR	1364.000000	63.000000	70.000000	372
287	PM1L	1378.000000	82.000000	59.000000	373
275	PM1R	1379.000000	84.973624	77.868119	374
288	PM1VL	1379.131227	95.868773	58.650061	375
276	PM1VR	1381.057143	96.977143	76.102857	376
253	PM2D1	1482.000000	61.000000	67.000000	377
254	PM2D2	1460.921022	60.138211	67.118467	378
259	PM2VL1	1498.000000	87.000000	55.000000	379
260	PM2VL2	1482.000000	88.000000	55.000000	380
265	PM2VR1	1499.000000	84.000000	78.000000	381
266	PM2VR2	1472.000000	86.000000	78.000000	382
258	PM3DL	1442.000000	62.000000	63.000000	383
257	PM3DR	1415.000000	64.000000	73.000000	384
274	PM3L	1403.000000	80.000000	55.000000	385
270	PM3R	1414.012600	81.936999	79.886598	386
272	PM3VL	1448.000000	90.000000	60.000000	387
271	PM3VR	1452.000000	92.000000	73.000000	388
284	PM4DL	1344.000000	64.045067	58.594397	389
285	PM4DR	1346.103576	66.155364	76.414303	390
283	PM4L	1348.988777	83.004489	56.022447	391
280	PM4R	1349.833135	85.000000	80.733015	392
282	PM4VL	1355.000000	103.000000	62.000000	393
281	PM4VR	1357.015891	99.976163	72.079455	394
304	PM5DL	1150.000000	58.000000	62.000000	395
303	PM5DR	1150.000000	59.000000	74.000000	396
308	PM5L	1149.000000	76.000000	55.000000	397
307	PM5R	1149.000000	72.000000	79.000000	398
306	PM5VL	1141.019744	91.118467	62.157956	399
305	PM5VR	1141.011984	92.167776	70.575233	400
311	PM6D	1120.000000	52.000000	69.000000	401
313	PM6VL	1121.000000	87.000000	55.000000	402
314	PM6VR	1121.000000	89.000000	78.000000	403
312	PM7D	1097.000000	49.000000	69.000000	404
329	PM7VL	1094.000000	85.000000	54.000000	405
328	PM7VR	1093.972696	86.009101	80.908987	406
336	PM8	1070.000000	85.000000	69.000000	407
57	PVCL	289.000000	82.000000	56.000000	408
39	PVCR	296.000000	78.000000	77.000000	409
47	PVPL	374.000000	93.000000	65.000000	410
44	PVPR	370.104704	80.820941	75.283763	411
60	PVQL	329.000000	83.000000	55.000000	412
42	PVQR	332.000000	74.000000	81.000000	413
32	PVR	228.000000	65.000000	68.000000	414
46	PVT	389.000000	90.000000	65.000000	415
187	QL	562.000000	78.000000	46.000000	416
211	QR	604.000000	77.000000	84.000000	417
43	REPD	335.000000	57.000000	59.000000	418
61	REPVL	345.000000	82.000000	55.000000	419
68	REPVR	354.000000	69.000000	77.000000	420
419	RIAL	1245.000000	61.000000	55.000000	421
299	RIAR	1244.997760	59.007839	83.010078	422
415	RIBL	1212.000000	76.000000	55.000000	423
457	RIBR	1209.000000	78.000000	82.000000	424
393	RICL	1178.000000	90.000000	45.000000	425
437	RICR	1184.000000	88.000000	91.000000	426
430	RID	1284.000000	45.000000	66.000000	427
380	RIFL	1166.993281	109.001120	63.988802	428
382	RIFR	1161.000000	104.000000	74.000000	429
384	RIGL	1150.957576	108.957576	59.618182	430
387	RIGR	1117.000000	114.000000	63.000000	431
473	RIH	1250.255259	99.000000	70.106592	432
414	RIML	1194.000000	71.000000	55.000000	433
456	RIMR	1194.000000	81.000000	82.000000	434
552	RIPL	1312.000000	75.000000	50.000000	435
492	RIPR	1309.000000	78.000000	84.000000	436
476	RIR	1236.827667	92.000000	76.827667	437
375	RIS	1173.000000	104.911243	83.266272	438
400	RIVL	1167.000000	53.000000	56.000000	439
460	RIVR	1174.000000	58.000000	78.000000	440
464	RMDDL	1256.063709	103.018203	51.927190	441
483	RMDDR	1255.000000	104.000000	84.000000	442
410	RMDL	1264.000000	92.000000	46.000000	443
453	RMDR	1266.000000	90.000000	90.000000	444
408	RMDVL	1277.000000	75.000000	43.000000	445
445	RMDVR	1284.000000	74.000000	91.000000	446
558	RMED	1302.000000	54.000000	71.000000	447
551	RMEL	1299.000000	75.000000	50.000000	448
491	RMER	1297.000000	76.000000	86.000000	449
554	RMEV	1277.000000	113.000000	63.000000	450
389	RMGL	1129.000000	90.000000	42.000000	451
434	RMGR	1129.000000	89.000000	91.000000	452
470	SAADL	1249.000000	101.000000	60.000000	453
478	SAADR	1247.997622	99.082045	77.807372	454
420	SAAVL	1261.000000	64.000000	54.000000	455
17	SAAVR	1263.376906	62.718954	82.407407	456
383	SABD	1141.000000	108.000000	74.000000	457
378	SABVL	1184.000000	108.000000	70.000000	458
381	SABVR	1173.000000	108.000000	74.000000	459
468	SIADL	1222.072983	94.854033	51.416133	460
480	SIADR	1210.000000	102.000000	86.000000	461
467	SIAVL	1213.000000	106.000000	52.000000	462
479	SIAVR	1208.927017	99.854033	77.416133	463
409	SIBDL	1249.000000	92.000000	46.000000	464
452	SIBDR	1253.010078	89.997760	91.007839	465
469	SIBVL	1238.116959	91.929825	51.812865	466
484	SIBVR	1244.000000	92.000000	84.000000	467
466	SMBDL	1228.000000	106.000000	52.000000	468
481	SMBDR	1226.000000	107.000000	84.000000	469
471	SMBVL	1233.000000	95.000000	60.000000	470
474	SMBVR	1231.983127	100.026997	70.979753	471
465	SMDDL	1241.000000	105.000000	52.000000	472
482	SMDDR	1240.000000	106.000000	84.000000	473
411	SMDVL	1257.983051	60.983051	43.943503	474
446	SMDVR	1258.000000	58.000000	91.000000	475
62	SPH	364.896424	85.844636	56.414303	476
31	TL	234.000000	77.000000	58.000000	477
34	TR	243.000000	69.000000	72.000000	478
50	U	342.000000	85.000000	66.000000	479
548	URADL	1329.000000	56.000000	49.000000	480
490	URADR	1328.082098	56.989738	84.071836	481
523	URAVL	1310.609848	111.000000	60.609848	482
515	URAVR	1307.145858	111.000000	73.133022	483
531	URBL	1334.000000	79.000000	46.000000	484
514	URBR	1324.000000	75.000000	91.000000	485
428	URXL	1247.000000	50.000000	60.000000	486
463	URXR	1247.000000	52.000000	74.000000	487
549	URYDL	1313.977401	60.005650	48.943503	488
489	URYDR	1311.016949	58.016949	87.056497	489
553	URYVL	1319.000000	97.000000	47.000000	490
487	URYVR	1319.000000	97.000000	86.000000	491
176	V1L	1012.000000	69.000000	42.000000	492
16	V1R	970.119522	71.285714	81.746727	493
179	V2L	903.000000	80.000000	38.000000	494
18	V2R	890.588378	78.421308	86.641646	495
1	V3L	804.055804	84.008929	40.678571	496
206	V3R	794.000000	85.000000	83.000000	497
184	V4L	664.000000	81.000000	46.000000	498
19	V4R	667.521739	78.306636	87.018307	499
188	V5L	529.000000	86.000000	46.000000	500
213	V5R	546.000000	82.000000	84.000000	501
191	V6L	451.000000	84.000000	48.000000	502
216	V6R	459.000000	73.000000	84.000000	503
63	VIRL	360.000000	73.000000	56.000000	504
51	VIRR	361.000000	62.000000	66.000000	505
139	VL1	1462.000000	93.000000	46.000000	506
129	VL10	1049.000000	102.000000	49.000000	507
128	VL11	950.000000	110.000000	52.000000	508
162	VL12	902.000000	102.000000	45.000000	509
127	VL13	855.006795	102.959230	53.938845	510
126	VL14	807.000000	105.000000	48.000000	511
125	VL15	740.000000	107.000000	56.000000	512
122	VL16	655.000000	96.000000	55.000000	513
121	VL17	553.000000	98.000000	57.000000	514
120	VL18	452.000000	101.000000	56.000000	515
119	VL19	277.000000	93.000000	64.000000	516
138	VL2	1431.000000	103.000000	52.000000	517
137	VL3	1402.000000	106.000000	57.000000	518
136	VL4	1353.000000	104.000000	47.000000	519
135	VL5	1295.646976	112.129395	55.353024	520
134	VL6	1284.917902	107.071836	45.989738	521
133	VL7	1180.000000	110.000000	54.000000	522
132	VL8	1132.868773	105.868773	50.650061	523
130	VL9	1074.000000	108.000000	54.000000	524
333	VPI1	1066.000000	51.000000	69.000000	525
250	VPI2DL	1064.000000	59.000000	58.000000	526
249	VPI2DR	1064.000000	65.000000	84.000000	527
335	VPI2V	1059.966254	90.016873	67.996625	528
332	VPI3D	1055.937783	55.024887	69.000000	529
334	VPI3V	1053.993281	80.989922	63.995521	530
94	VR1	1458.006719	91.004479	87.010078	531
84	VR10	1060.000000	106.000000	80.000000	532
83	VR11	1000.000000	104.000000	76.000000	533
80	VR12	924.000000	101.000000	81.000000	534
79	VR13	873.000000	103.000000	80.000000	535
78	VR14	826.000000	101.000000	80.000000	536
77	VR15	766.000000	100.000000	78.000000	537
74	VR16	679.000000	98.000000	78.000000	538
73	VR17	610.000000	94.000000	78.000000	539
72	VR18	544.000000	97.000000	78.000000	540
71	VR19	454.000000	90.000000	78.000000	541
93	VR2	1420.000000	100.000000	87.000000	542
33	VR20	252.000000	85.000000	72.000000	543
92	VR3	1383.001119	107.005593	82.003356	544
91	VR4	1342.238156	100.450704	90.279129	545
90	VR5	1305.786284	109.786284	80.282297	546
89	VR6	1283.000000	105.000000	87.000000	547
88	VR7	1197.000000	111.000000	81.000000	548
87	VR8	1139.000000	106.000000	85.000000	549
85	VR9	1095.000000	111.000000	80.000000	550
377	W	1198.000000	114.000000	64.000000	551
528	XXXL	1341.000000	95.000000	46.000000	552
513	XXXR	1338.000000	92.000000	89.000000	553
53	YPDA	336.000000	94.000000	73.000000	554
75	Z1	746.000000	92.000000	78.000000	555
76	Z2	724.000000	90.000000	78.000000	556
123	Z3	701.000000	95.000000	54.000000	557
124	Z4	673.000000	92.000000	54.000000	558
