label_number	label_name	x	y	z	Aligned_No
24	ADAL	1078.624566	77.585704	31.114504	1
401	ADAR	1078.928164	75.010262	78.082098	2
360	ADEL	1091.000000	69.000000	34.000000	3
402	ADER	1085.949210	73.989842	69.979684	4
13	ADESHL	1024.699968	71.158525	28.920895	5
303	ADESHR	1034.702643	59.827093	79.183370	6
51	ADFL	1156.890700	53.279589	39.390399	7
410	ADFR	1156.000000	50.000000	63.000000	8
55	ADLL	1159.423243	38.319208	40.215174	9
408	ADLR	1142.532151	41.961466	55.643735	10
393	AFDL	1168.000000	58.000000	28.000000	11
414	AFDR	1169.919207	51.919207	66.798018	12
129	AIAL	1161.250221	86.468999	49.752879	13
199	AIAR	1156.632072	86.385429	57.792023	14
41	AIBL	1163.665582	68.115134	37.015867	15
272	AIBR	1159.621413	63.455675	68.828266	16
417	AIML	1110.000000	83.000000	48.000000	17
185	AIMR	1117.230073	82.500522	57.380090	18
359	AINL	1093.000000	54.000000	31.000000	19
405	AINR	1096.000000	58.000000	73.000000	20
416	AIYL	1112.313763	79.529355	39.901829	21
247	AIYR	1125.165083	83.073634	65.392320	22
396	AIZL	1106.000000	66.000000	34.000000	23
246	AIZR	1104.348502	70.700703	65.625971	24
370	ALA	1197.919554	35.044334	49.182913	25
29	ALML	811.896407	40.344348	34.453711	26
274	ALMR	807.670476	38.010159	71.154603	27
89	ALNL	239.068656	53.536664	42.448958	28
192	ALNR	242.828384	52.157741	60.506816	29
464	AMSHL	1059.314591	47.657977	26.823541	30
474	AMSHR	1059.373777	39.985726	76.793230	31
31	AMSOL	1364.526127	58.011612	33.241360	32
271	AMSOR	1365.320956	55.232349	72.496484	33
22	ARCADL	1396.721496	58.584205	31.494508	34
300	ARCADR	1385.869418	59.759594	77.075308	35
143	ARCAV	1436.910476	84.717798	52.167557	36
105	ARCPD	1411.276033	32.014601	47.222314	37
50	ARCPDL	1353.191282	52.974951	37.234223	38
262	ARCPDR	1351.042395	52.824489	68.119182	39
347	ARCPV	1412.000000	83.000000	48.000000	40
446	ARCPVL	1376.000000	70.000000	31.000000	41
290	ARCPVR	1368.849807	69.600774	75.972067	42
363	ASEL	1131.008584	60.989032	25.983309	43
301	ASER	1131.110954	59.227101	79.416667	44
6	ASGL	1131.131746	44.790172	28.423274	45
275	ASGR	1135.685088	40.719298	72.787719	46
2	ASHL	1152.623721	63.975918	25.576761	47
292	ASHR	1151.738439	59.984341	78.376070	48
398	ASIL	1123.000000	42.000000	40.000000	49
407	ASIR	1125.000000	44.000000	62.000000	50
16	ASJL	1136.609806	79.476512	30.192895	51
299	ASJR	1138.812851	74.916105	77.196689	52
70	ASKL	1138.723442	38.191017	42.399445	53
409	ASKR	1162.353312	42.587802	57.705573	54
15	AUAL	1154.579354	80.069874	29.017556	55
411	AUAR	1162.000000	74.000000	79.000000	56
365	AVAL	1189.098926	61.922546	26.768405	57
413	AVAR	1192.000000	58.000000	74.000000	58
394	AVBL	1118.000000	55.000000	35.000000	59
242	AVBR	1116.557427	54.884380	66.174962	60
357	AVDL	1113.104718	62.955121	26.895282	61
293	AVDR	1110.821201	62.577360	77.409632	62
374	AVEL	1185.000000	65.000000	36.000000	63
412	AVER	1181.875981	60.097331	68.782575	64
379	AVG	1092.171031	99.321604	51.756956	65
362	AVHL	1117.000000	45.000000	27.000000	66
406	AVHR	1119.951456	42.990291	73.106796	67
358	AVJL	1103.082331	50.224792	27.111008	68
261	AVJR	1104.797743	46.600366	72.648261	69
94	AVKL	1095.081228	79.066459	43.343179	70
196	AVKR	1094.448959	80.721289	59.449966	71
209	AVL	1143.915847	73.775025	63.975229	72
45	AWAL	1139.197192	53.247796	38.057786	73
221	AWAR	1141.180160	50.723489	64.851482	74
7	AWBL	1148.471953	46.924816	28.154479	75
284	AWBR	1152.792871	44.331743	75.485265	76
5	AWCL	1172.552758	73.327038	26.753297	77
415	AWCR	1174.000000	56.000000	77.000000	78
134	B	260.341652	72.542169	50.823580	79
453	BAGL	1244.000000	72.000000	27.000000	80
425	BAGR	1232.978988	73.981853	74.016237	81
26	BDUL	954.580367	67.359010	33.890712	82
255	BDUR	964.782278	68.493341	73.318837	83
32	CANL	689.482631	59.634477	33.983614	84
285	CANR	722.839623	51.780416	74.005530	85
83	CCLA	723.729399	79.415852	41.812151	86
52	CCLP	682.993024	78.055556	40.875436	87
280	CCRA	930.184321	85.375445	73.557499	88
258	CCRP	907.605285	89.785212	67.855215	89
367	CEPDL	1192.968912	40.948187	38.974093	90
206	CEPDR	1197.991057	36.926092	61.840347	91
18	CEPSHDL	1227.226198	51.813198	30.399869	92
268	CEPSHDR	1224.381858	45.647979	70.586862	93
452	CEPSHVL	1227.000000	79.000000	30.000000	94
426	CEPSHVR	1227.266985	84.899881	67.866508	95
20	CEPSODL	1277.291051	48.655372	31.523023	96
281	CEPSODR	1279.851598	43.199315	73.965297	97
61	CEPSOVL	1266.404714	84.891914	38.934986	98
256	CEPSOVR	1265.066237	86.278554	67.572145	99
438	CEPVL	1232.010078	96.993281	46.995521	100
440	CEPVR	1230.943503	98.005650	59.022599	101
161	DA1	1028.050197	97.101971	54.611564	102
162	DA2	970.054205	97.122180	54.642543	103
187	DA3	894.130959	96.802125	56.680356	104
180	DA4	790.148817	93.736859	55.826216	105
526	DA5	675.195448	93.823338	56.389090	106
171	DA6	523.309524	90.027650	54.427803	107
126	DA7	397.778878	86.851785	53.762376	108
103	DA8	307.765012	74.494796	45.098479	109
503	DA9	306.000000	72.000000	60.000000	110
377	DB1	1069.000000	100.000000	53.000000	111
163	DB2	1143.960635	104.347999	53.643731	112
181	DB3	998.385877	98.857181	56.345940	113
144	DB4	869.973830	97.774353	52.784240	114
170	DB5	716.313733	91.720688	54.053066	115
169	DB6	547.742208	88.764943	54.235057	116
179	DB7	422.416298	89.641593	54.254425	117
376	DD1	1074.000000	89.000000	48.000000	118
186	DD2	925.035224	95.876119	57.180299	119
172	DD3	767.957742	90.467960	55.268098	120
159	DD4	597.763341	85.364656	53.673241	121
160	DD5	451.851430	89.863459	54.016580	122
501	DD6	318.000000	68.000000	52.000000	123
117	DEP	250.561763	47.909438	49.955239	124
56	DL1	1403.646492	43.991976	37.461256	125
513	DL10	1001.690338	38.738999	32.250058	126
514	DL11	936.283425	29.502486	41.695304	127
515	DL12	869.489019	36.170571	36.719619	128
516	DL13	815.606859	29.250459	40.163197	129
54	DL14	756.700643	29.173676	38.469075	130
79	DL15	704.390719	31.918726	41.227348	131
85	DL16	637.061728	31.358333	41.845062	132
517	DL17	552.178372	33.685519	41.920137	133
519	DL18	481.071692	41.494472	44.405025	134
106	DL19	425.072167	44.188598	47.786625	135
557	DL2	1381.068882	40.023603	38.940751	136
518	DL20	381.206182	43.686287	46.769155	137
507	DL21	223.594107	49.559484	49.584899	138
63	DL3	1350.434837	39.001866	39.120995	139
510	DL4	1298.351967	38.820469	31.740271	140
511	DL5	1230.488028	31.028787	37.912026	141
19	DL6	1218.566786	41.363290	31.041013	142
512	DL7	1112.977957	29.381705	39.005511	143
34	DL8	1082.146764	30.410810	33.695791	144
69	DL9	1007.660852	27.120336	40.061824	145
534	DR1	1397.582921	44.480000	71.619101	146
250	DR10	999.715355	29.549161	68.391484	147
539	DR11	953.123481	25.664641	61.230387	148
249	DR12	897.587062	28.640068	66.826731	149
540	DR13	858.147740	25.600377	58.012917	150
230	DR14	787.204867	28.138653	65.747878	151
541	DR15	747.067093	24.733419	61.038924	152
240	DR16	662.601549	32.445970	65.702922	153
231	DR17	605.083152	29.446565	64.830153	154
210	DR18	523.367258	38.735855	62.154670	155
212	DR19	454.389326	42.020527	62.145399	156
535	DR2	1367.135882	42.365294	65.975000	157
213	DR20	395.534785	39.835753	62.738355	158
506	DR21	282.217663	37.645852	57.860393	159
211	DR3	1342.188394	36.824222	62.908326	160
536	DR4	1318.667423	36.057321	70.931328	161
537	DR5	1257.022612	26.982456	62.556725	162
241	DR6	1213.482453	36.191866	67.274516	163
182	DR7	1129.988736	29.443218	57.096782	164
538	DR8	1104.336167	28.093766	65.411386	165
548	DR9	1053.484482	19.207779	62.474405	166
124	DVA	266.076850	50.503622	50.474646	167
139	DVC	242.518537	63.860603	51.146812	168
331	E1D	1378.542029	43.402899	53.653623	169
335	E1VL	1391.000000	71.000000	40.000000	170
341	E1VR	1395.000000	70.000000	65.000000	171
166	E2D	1446.630982	46.204294	54.348773	172
98	E2VL	1447.972772	70.468272	45.525878	173
237	E2VR	1455.852195	80.207805	64.248293	174
332	E3D	1341.984287	45.985410	48.986532	175
336	E3VL	1364.000000	76.000000	40.000000	176
340	E3VR	1367.000000	75.000000	64.000000	177
553	EXC	1134.953219	84.868857	51.220237	178
552	EXC/DUCT	1146.000000	80.000000	42.000000	179
43	EXC/GL/L	1053.637412	84.098796	35.864092	180
257	EXC/GL/R	1059.196389	86.048780	69.645233	181
504	F	282.000000	57.000000	51.000000	182
28	FLPL	1099.723007	78.508428	32.277904	183
403	FLPR	1096.000000	76.000000	74.000000	184
164	G1	1196.682778	103.286072	54.589330	185
49	G1AL	1071.180913	44.303394	41.072978	186
232	G1AR	1078.950834	42.857185	66.731343	187
207	G1P	1022.978806	45.793433	64.668657	188
150	G2	1178.834835	98.125697	53.565852	189
92	G2L	1021.168979	79.463768	45.164662	190
205	G2R	1023.447221	79.694273	63.714486	191
369	GLRDL	1199.000000	51.000000	44.000000	192
189	GLRDR	1197.231129	51.046092	55.724449	193
375	GLRL	1200.000000	70.000000	38.000000	194
223	GLRR	1195.032670	66.488991	63.223366	195
76	GLRVL	1205.275258	83.305344	41.074091	196
198	GLRVR	1204.091379	80.400690	62.480345	197
8	H0L	1338.183236	64.598042	26.891404	198
302	H0R	1337.191890	60.496002	79.035408	199
451	H1L	1215.516129	74.118635	24.336444	200
423	H1R	1220.870917	70.014989	79.819239	201
356	H2L	1084.324523	63.466485	24.868392	202
404	H2R	1086.583129	63.133878	81.195102	203
84	HMC	1101.418631	28.342248	46.848821	204
75	HSNL	635.328287	75.925896	41.149801	205
545	HSNR	652.337408	73.775061	73.393643	206
490	HYP101	96.000000	62.000000	54.000000	207
176	HYP102	66.162956	64.529534	54.419412	208
488	HYP11	134.000000	54.000000	53.000000	209
30	HYP1L	1337.091849	53.988747	33.322080	210
251	HYP1R	1336.506682	51.233585	69.984602	211
351	HYP1V	1401.000000	82.000000	56.000000	212
443	HYP2L	1380.628492	57.176598	32.349783	213
350	HYP2V	1421.000000	83.000000	58.000000	214
343	HYP31	1439.102857	35.022857	56.057143	215
344	HYP32	1430.000000	33.000000	51.000000	216
188	HYP4D	1493.473226	42.403536	56.058673	217
178	HYP4V1	1495.591781	77.443836	55.453881	218
168	HYP4V2	1472.693701	86.304285	54.762439	219
39	HYP5L	1436.942940	59.861679	34.188277	220
533	HYP5R	1442.102900	64.758653	75.913938	221
549	HYP6D1	1397.721012	25.775464	54.943946	222
151	HYP6D2	1365.111416	32.944684	54.449588	223
121	HYP6D3	1334.020809	31.034584	50.776377	224
131	HYP6D4	1309.963975	25.661520	51.803840	225
354	HYP6V1	1400.000000	93.000000	54.000000	226
355	HYP6V2	1316.411157	91.303919	52.672037	227
177	HYP71	182.366808	72.923704	56.236387	228
175	HYP72	167.539322	61.970469	55.897420	229
462	HYP7ABLD	998.359435	61.822116	27.951220	230
463	HYP7ABLV	973.242513	63.424921	29.166073	231
476	HYP7ABR3	990.171084	65.909639	78.056386	232
477	HYP7ABRD	950.435376	45.641618	80.061503	233
475	HYP7ABRV	1016.718023	69.731102	79.368876	234
345	HYP7D1	1260.787010	27.039418	51.295185	235
346	HYP7D2	1157.844551	27.144933	50.747610	236
465	HYP7LC1	873.303407	56.425970	28.834798	237
467	HYP7LC2	792.829313	57.318631	29.355847	238
468	HYP7LC3	703.104941	48.340662	31.022439	239
469	HYP7LC4	580.905346	48.225110	33.570132	240
470	HYP7LC5	462.144897	57.098625	37.450026	241
550	HYP7LC6	313.562947	47.375194	36.216661	242
478	HYP7RC1	875.054296	49.153400	76.254613	243
480	HYP7RC2	797.491487	54.281498	76.376844	244
481	HYP7RC3	678.148194	55.310399	78.092777	245
551	HYP7RC4	540.113718	50.803845	72.910720	246
484	HYP7RC5	447.430488	57.492683	68.938110	247
505	HYP7RC6	264.306813	44.127203	63.498333	248
555	HYP7V1	1267.358278	77.150948	79.135059	249
556	HYP7V2	1268.076583	103.893316	53.166003	250
487	HYP8	141.123772	64.181238	55.036346	251
489	HYP9	107.166411	68.788344	54.654525	252
97	I1L	1325.486037	72.995921	42.761217	253
184	I1R	1330.510807	72.049011	58.911416	254
322	I2L	1296.000000	74.000000	40.000000	255
324	I2R	1292.000000	68.000000	68.000000	256
317	I3	1268.000000	42.000000	50.000000	257
137	I4	1080.299178	34.165003	52.907223	258
141	I5	1064.560672	77.986218	52.827227	259
48	I6	1054.405337	37.390089	39.078526	260
86	IL1DL	1247.883117	41.309215	44.503092	261
430	IL1DR	1246.395257	40.133597	59.039526	262
454	IL1L	1262.045198	72.960452	29.983051	263
288	IL1R	1260.223430	64.377929	74.979626	264
457	IL1VL	1252.000000	95.000000	53.000000	265
442	IL1VR	1241.000000	97.000000	55.000000	266
62	IL2DL	1269.784615	31.991963	38.713892	267
218	IL2DR	1288.873364	32.111747	65.032395	268
4	IL2L	1286.502741	63.795227	27.070622	269
304	IL2R	1285.704340	60.098779	79.518761	270
436	IL2VL	1264.859873	95.509554	48.719745	271
217	IL2VR	1265.481690	96.376660	60.350503	272
444	ILSHDL	1321.286426	50.656289	33.229141	273
260	ILSHDR	1325.448409	47.492417	70.534344	274
448	ILSHL	1316.000000	76.000000	32.000000	275
286	ILSHR	1318.582601	68.696608	76.002513	276
349	ILSHVL	1354.122093	92.000000	47.837209	277
353	ILSHVR	1348.000000	92.000000	56.000000	278
102	ILSODL	1389.467802	33.102224	47.490038	279
201	ILSODR	1407.129968	35.609464	62.149737	280
11	ILSOL	1350.621262	72.432772	30.209852	281
283	ILSOR	1344.693349	71.766161	74.540723	282
348	ILSOVL	1386.000000	86.000000	49.000000	283
352	ILSOVR	1373.000000	90.000000	56.000000	284
495	IML	346.282557	70.128167	42.934296	285
269	IMR	359.053408	71.860640	68.178860	286
152	IND2	916.332669	37.944585	56.976639	287
123	IND3	865.200265	40.617641	52.269733	288
116	IND4	808.134756	45.876661	49.721318	289
183	IND5	732.594452	43.113342	57.155138	290
459	IND6	604.599184	44.479820	49.927222	291
147	IND7	513.043447	50.032764	51.368708	292
173	IND8	427.180961	52.772767	55.895962	293
148	IND9	354.829769	44.867123	53.528657	294
64	INDL1	963.666414	43.997346	38.161865	295
259	INDR1	962.430468	42.036553	67.984685	296
119	INV2	913.094756	78.646487	51.621178	297
142	INV3	850.548339	76.959594	53.102030	298
167	INV4	771.660262	67.941512	55.248944	299
107	INV5	693.204605	60.334680	46.994951	300
214	INV6	642.018781	56.729722	61.905280	301
140	INV7	548.120690	69.080309	51.757260	302
460	INV8	454.407196	76.121149	53.185348	303
461	INV9	361.234647	72.577277	55.998209	304
93	INVL1	961.603591	84.411469	43.659780	305
458	INVR1	961.762371	79.868041	64.954639	306
497	K	287.017233	46.963619	42.970799	307
193	K'	291.599941	47.934059	59.918752	308
73	LUAL	260.416864	56.830681	40.243820	309
202	LUAR	263.131938	56.305278	63.472702	310
244	M	546.088502	63.741490	66.553517	311
473	M1	1063.000000	36.910873	64.049911	312
58	M2L	1073.629149	66.330027	38.648226	313
215	M2R	1078.867898	62.879052	64.830603	314
99	M3L	1250.607538	76.709542	45.699372	315
204	M3R	1248.505805	73.600251	60.281142	316
118	M4	1248.078477	56.325606	50.908975	317
310	M5	1024.641673	38.897582	41.870416	318
87	MC1DL	1302.821438	48.993987	42.503007	319
328	MC1DR	1304.033753	47.872040	63.157179	320
325	MC1V	1301.914407	76.171186	54.294068	321
316	MC2DL	1107.824077	53.879282	44.766212	322
190	MC2DR	1110.372346	52.850854	56.346194	323
125	MC2V	1102.665789	69.148947	51.583421	324
44	MC3DL	1030.517394	50.098564	36.899227	325
252	MC3DR	1038.682870	50.838735	68.717593	326
149	MC3V	1035.727370	81.852807	56.113349	327
321	MCL	1297.038508	66.730445	46.231047	328
323	MCR	1296.232120	64.808030	60.575910	329
319	MI	1281.000000	37.000000	49.000000	330
91	NSML	1274.767022	75.230397	43.156825	331
245	NSMR	1273.269676	68.147024	65.641231	332
25	OLLL	1258.250624	56.504580	32.813489	333
277	OLLR	1258.547596	52.272326	71.906771	334
449	OLLSHL	1299.276006	71.361997	29.361997	335
420	OLLSHR	1301.958668	65.876005	78.055109	336
17	OLLSOL	1298.687428	51.392652	29.390356	337
418	OLLSOR	1303.896369	49.074130	79.141452	338
433	OLQDL	1235.000000	42.000000	41.000000	339
431	OLQDR	1235.580939	36.000000	59.713385	340
445	OLQSHDL	1316.000000	57.000000	29.000000	341
419	OLQSHDR	1309.916182	45.188591	71.000000	342
450	OLQSHVL	1306.000000	68.000000	26.000000	343
421	OLQSHVR	1305.000000	75.000000	74.000000	344
558	OLQSODL	1372.000000	37.000000	47.000000	345
200	OLQSODR	1384.348469	38.092961	61.329661	346
447	OLQSOVL	1330.000000	77.000000	32.000000	347
273	OLQSOVR	1328.002011	76.129065	70.446530	348
456	OLQVL	1241.127204	81.491184	37.127204	349
435	OLQVR	1242.000000	82.000000	67.000000	350
33	P1/2L	887.831272	83.558120	32.949162	351
307	P1/2R	898.990331	79.028729	78.595856	352
158	P11/12L	344.101211	82.811254	52.659242	353
500	P11/12R	328.079096	63.986707	68.912263	354
466	P3/4L	797.132974	81.493054	31.505245	355
298	P3/4R	810.164189	75.225598	76.068843	356
42	P5/6L	697.493241	75.247834	33.943154	357
527	P5/6R	703.044241	76.044241	77.225782	358
59	P7/8L	566.772785	75.254939	37.280115	359
483	P7/8R	577.459362	73.057476	74.910193	360
471	P9/10L	441.848866	78.834593	40.894486	361
278	P9/10R	449.185756	78.916311	70.509025	362
492	PHAL	272.000000	69.000000	41.000000	363
197	PHAR	273.012887	66.167307	62.545105	364
491	PHBL	274.000000	56.000000	39.000000	365
220	PHBR	279.772422	53.340577	64.648360	366
96	PHSHL	228.082971	62.891304	43.319203	367
191	PHSHR	227.824098	62.476868	56.964921	368
113	PLML	190.615548	65.534771	48.752809	369
156	PLMR	206.814670	68.610255	55.567487	370
329	PM1DL	1296.430233	35.042973	50.314459	371
330	PM1DR	1304.000000	41.000000	53.000000	372
74	PM1L	1309.108411	60.569782	40.850156	373
326	PM1R	1309.000000	62.000000	64.000000	374
108	PM1VL	1308.086370	77.734143	47.006298	375
327	PM1VR	1303.000000	74.000000	63.000000	376
138	PM2D1	1418.903632	43.665713	52.476980	377
146	PM2D2	1399.617385	44.180698	52.150582	378
90	PM2VL1	1420.271123	68.504473	43.347167	379
521	PM2VL2	1406.000000	69.000000	42.000000	380
235	PM2VR1	1435.161418	72.235805	64.641210	381
224	PM2VR2	1411.674203	70.178828	65.310637	382
334	PM3DL	1373.997067	49.002933	48.002933	383
333	PM3DR	1350.000000	53.000000	55.000000	384
338	PM3L	1345.686768	69.265637	42.833043	385
342	PM3R	1348.246491	69.068130	61.355193	386
337	PM3VL	1379.993392	74.000000	45.986784	387
339	PM3VR	1385.809453	73.062038	58.874938	388
88	PM4DL	1282.806239	44.945907	42.714367	389
318	PM4DR	1279.324779	43.608850	59.947493	390
80	PM4L	1282.989022	62.852961	40.791417	391
320	PM4R	1284.939564	55.579260	66.807464	392
114	PM4VL	1289.646330	82.396408	49.845773	393
195	PM4VR	1281.942125	77.936311	61.070032	394
314	PM5DL	1089.000000	41.000000	46.000000	395
315	PM5DR	1093.000000	41.000000	58.000000	396
71	PM5L	1085.375484	56.010215	41.406481	397
208	PM5R	1091.762171	55.257984	62.474109	398
313	PM5VL	1080.000000	70.000000	47.000000	399
312	PM5VR	1080.000000	70.000000	56.827407	400
132	PM6D	1061.138901	34.263277	52.038357	401
66	PM6VL	1056.222143	65.701991	39.749170	402
216	PM6VR	1063.113306	65.578152	63.669088	403
136	PM7D	1038.037549	30.095652	52.440514	404
311	PM7VL	1032.965707	69.132461	38.990314	405
234	PM7VR	1041.355654	70.487233	66.542731	406
133	PM8	1013.519638	70.465711	54.351933	407
81	PVCL	249.220377	65.387278	41.652125	408
194	PVCR	251.008467	65.213096	61.001411	409
494	PVPL	329.000000	72.000000	47.000000	410
499	PVPR	320.191900	69.271938	59.692382	411
65	PVQL	291.044710	63.606498	39.025271	412
233	PVQR	291.990370	64.519781	65.575742	413
155	PVR	192.604515	54.188508	55.566403	414
203	PVT	336.662520	73.764467	61.524878	415
57	QL	520.528522	70.616997	36.801513	416
289	QR	537.935617	70.780850	74.671894	417
122	REPD	297.348066	40.927831	50.405732	418
496	REPVL	312.000000	60.000000	38.000000	419
222	REPVR	309.323940	54.980301	64.512175	420
373	RIAL	1175.000000	53.000000	40.000000	421
400	RIAR	1181.000000	41.000000	66.000000	422
36	RIBL	1144.197818	66.834909	35.125818	423
253	RIBR	1134.027553	63.435342	66.787656	424
361	RICL	1113.176935	77.642970	32.758294	425
291	RICR	1111.726682	78.274943	76.656159	426
111	RID	1217.901790	32.680089	49.850336	427
381	RIFL	1101.844636	96.103576	47.585697	428
382	RIFR	1105.000000	94.000000	56.000000	429
378	RIGL	1085.817734	91.772167	46.674877	430
135	RIGR	1052.431050	94.752511	52.315677	431
385	RIH	1188.777338	87.951664	54.361331	432
395	RIML	1126.000000	68.000000	36.000000	433
254	RIMR	1119.248869	71.122583	67.241053	434
40	RIPL	1245.197566	61.676807	36.735505	435
428	RIPR	1243.000000	58.000000	69.000000	436
390	RIR	1167.026549	72.980088	63.973451	437
270	RIS	1107.484680	90.323916	67.573418	438
397	RIVL	1104.339117	43.428496	36.473186	439
219	RIVR	1109.742395	38.537548	63.625951	440
386	RMDDL	1197.477172	90.159057	39.045655	441
383	RMDDR	1196.588798	81.903005	68.588798	442
364	RMDL	1203.287617	74.383489	31.424767	443
295	RMDR	1195.983896	71.703004	75.823784	444
1	RMDVL	1211.345936	58.005401	25.961923	445
287	RMDVR	1210.815267	54.194911	77.113740	446
432	RMED	1232.999267	35.997801	52.004399	447
10	RMEL	1233.328337	64.411135	29.492505	448
424	RMER	1227.000000	60.000000	72.000000	449
439	RMEV	1223.000000	103.000000	51.000000	450
12	RMGL	1044.770344	73.245673	28.184707	451
296	RMGR	1061.869161	74.341295	78.042197	452
387	SAADL	1194.000000	89.000000	46.000000	453
384	SAADR	1190.074979	82.625105	62.599832	454
368	SAAVL	1196.942993	56.149644	34.745843	455
243	SAAVR	1194.284068	51.755662	65.944776	456
380	SABD	1086.000000	93.000000	58.000000	457
145	SABVL	1114.568201	101.179454	52.681586	458
165	SABVR	1127.089614	101.208099	54.386577	459
53	SIADL	1163.899454	81.795723	37.429936	460
392	SIADR	1158.733391	79.444349	71.377912	461
68	SIAVL	1152.855735	89.780914	40.243280	462
228	SIAVR	1146.735188	86.102240	65.560332	463
23	SIBDL	1189.451541	74.873158	30.332738	464
306	SIBDR	1178.795047	72.075310	79.770533	465
60	SIBVL	1181.076016	78.981707	39.288618	466
264	SIBVR	1180.583037	75.352971	67.277806	467
95	SMBDL	1168.759678	91.948215	41.973353	468
391	SMBDR	1164.033408	88.060134	64.953229	469
128	SMBVL	1175.764860	86.719406	49.720280	470
388	SMBVR	1174.063604	88.000000	59.816254	471
78	SMDDL	1182.775333	92.825998	39.489765	472
389	SMDDR	1179.000000	88.000000	69.000000	473
366	SMDVL	1187.000000	49.000000	31.000000	474
399	SMDVR	1192.000000	45.000000	74.000000	475
493	SPH	326.915806	62.621128	41.789515	476
486	TL	208.142590	58.898264	44.523632	477
498	TR	209.830488	53.915244	58.252171	478
502	U	299.881188	67.920792	50.821782	479
35	URADL	1256.242414	46.205068	35.830277	480
429	URADR	1256.523622	39.948819	66.209377	481
437	URAVL	1246.763098	94.922551	47.813212	482
441	URAVR	1251.014570	93.907285	61.562914	483
3	URBL	1266.164072	62.838730	27.616438	484
427	URBR	1248.566038	58.000000	76.792453	485
372	URXL	1180.004402	43.993397	47.005869	486
371	URXR	1182.146878	38.659631	55.883026	487
21	URYDL	1241.975110	49.825037	31.040264	488
276	URYDR	1239.318806	44.730271	70.893600	489
455	URYVL	1254.000000	80.000000	33.000000	490
434	URYVR	1251.047458	75.969492	72.025989	491
27	V1L	923.659338	73.690747	32.368930	492
297	V1R	942.792402	66.509634	77.805427	493
14	V2L	851.671674	76.006300	29.303368	494
479	V2R	858.979236	71.049353	75.938610	495
37	V3L	750.938381	71.948303	33.851697	496
294	V3R	745.920641	67.764834	75.999636	497
46	V4L	604.995690	70.277586	38.351293	498
482	V4R	620.387225	67.429087	77.280404	499
82	V5L	476.262556	72.694475	39.659319	500
282	V5R	485.727885	73.026282	71.403526	501
472	V6L	395.060262	68.011354	40.011645	502
485	V6R	409.739686	68.671251	71.177800	503
112	VIRL	324.201209	43.578615	47.409291	504
174	VIRR	321.181915	49.567287	56.272340	505
520	VL1	1404.884717	74.555556	33.313235	506
67	VL10	989.216667	88.616162	39.296717	507
110	VL11	908.243049	93.069265	48.765641	508
525	VL12	858.507367	88.742566	38.322529	509
115	VL13	806.409922	93.431318	47.972403	510
100	VL14	760.680265	84.305141	43.748922	511
127	VL15	688.782025	87.576794	50.278337	512
109	VL16	611.244444	79.084795	47.070175	513
120	VL17	479.606419	86.141789	48.435338	514
532	VL18	402.628112	79.759438	46.793976	515
509	VL19	234.000000	76.000000	47.000000	516
47	VL2	1354.110316	88.386737	35.584000	517
77	VL3	1321.737106	92.148541	40.324492	518
38	VL4	1290.958469	84.627850	33.811482	519
522	VL5	1250.000000	95.000000	41.000000	520
523	VL6	1239.382857	90.666939	33.830204	521
101	VL7	1125.484736	94.592867	45.191155	522
524	VL8	1075.489703	87.988831	39.058988	523
104	VL9	1014.053715	95.026456	46.126403	524
153	VPI1	1004.746354	34.539315	56.971465	525
72	VPI2DL	1001.505439	48.897586	42.629875	526
263	VPI2DR	1008.414552	60.895165	69.152705	527
308	VPI2V	1011.573472	82.327698	57.000000	528
154	VPI3D	998.714084	47.985657	59.237009	529
309	VPI3V	1002.879379	76.600443	50.659867	530
305	VR1	1404.330314	70.639318	76.255194	531
554	VR10	1006.719928	89.014876	70.174917	532
239	VR11	953.488877	93.926863	66.427976	533
267	VR12	884.671507	88.414521	67.993699	534
227	VR13	855.627036	90.875107	64.038582	535
266	VR14	782.048417	85.677527	67.328563	536
226	VR15	724.984505	83.679279	64.803604	537
546	VR16	646.000000	78.000000	66.000000	538
236	VR17	569.500294	77.808867	65.514386	539
547	VR18	495.868386	83.128265	64.212324	540
225	VR19	403.101164	81.461862	63.626697	541
542	VR2	1374.920896	86.336241	69.755353	542
508	VR20	230.772236	77.076475	55.600998	543
248	VR3	1327.820755	92.335752	66.038462	544
279	VR4	1292.912230	85.287770	71.835012	545
543	VR5	1237.891199	95.608801	68.792553	546
544	VR6	1212.047124	87.397436	72.019751	547
229	VR7	1132.668949	95.589461	65.234891	548
265	VR8	1079.991630	89.098092	68.182123	549
238	VR9	1045.872839	93.220301	65.454545	550
130	W	1162.778475	102.779465	50.784747	551
9	XXXL	1278.078399	73.510821	29.077583	552
422	XXXR	1280.061321	70.411950	75.550314	553
157	YPDA	289.974421	80.663325	53.099205	554
528	Z1	701.000000	74.000000	67.000000	555
529	Z2	679.125070	70.438027	65.897555	556
530	Z3	651.882530	79.317706	50.351886	557
531	Z4	630.268719	79.910982	52.191348	558
