label_number	label_name	x	y	z	Aligned_No
391	ADAL	1269.000000	72.000000	91.000000	1
415	ADAR	1284.000000	81.000000	37.000000	2
392	ADEL	1279.000000	83.000000	91.000000	3
416	ADER	1295.000000	76.000000	39.000000	4
390	ADESHL	1215.000000	81.000000	85.000000	5
414	ADESHR	1217.000000	81.000000	40.000000	6
403	ADFL	1363.000000	91.000000	81.000000	7
432	ADFR	1369.000000	103.000000	50.000000	8
61	ADLL	1341.811989	106.822377	75.014135	9
36	ADLR	1349.277667	108.546941	62.512922	10
399	AFDL	1378.000000	80.000000	89.000000	11
542	AFDR	1382.000000	88.000000	42.000000	12
448	AIAL	1355.000000	58.000000	69.000000	13
447	AIAR	1344.003356	59.995526	62.003356	14
406	AIBL	1362.000000	71.000000	81.000000	15
23	AIBR	1363.956997	81.110902	52.783478	16
201	AIML	1299.302013	58.100671	76.295302	17
197	AIMR	1311.926143	61.950762	60.221571	18
395	AINL	1292.000000	97.000000	93.000000	19
426	AINR	1292.000000	89.000000	41.000000	20
202	AIYL	1296.000000	57.000000	84.000000	21
198	AIYR	1315.000000	64.000000	51.000000	22
409	AIZL	1300.000000	80.000000	87.000000	23
438	AIZR	1309.000000	82.000000	48.000000	24
472	ALA	1391.000000	116.000000	68.000000	25
81	ALML	974.678783	113.998366	83.240964	26
9	ALMR	946.731271	119.282461	46.029724	27
292	ALNL	255.000000	101.000000	73.000000	28
285	ALNR	249.000000	99.000000	56.000000	29
104	AMSHL	1257.000000	108.000000	93.000000	30
129	AMSHR	1276.000000	106.000000	40.000000	31
97	AMSOL	1558.062874	86.014970	89.808383	32
514	AMSOR	1576.000000	93.000000	42.000000	33
488	ARCADL	1595.000000	82.000000	86.000000	34
512	ARCADR	1601.000000	91.000000	42.000000	35
527	ARCAV	1658.000000	57.000000	68.000000	36
537	ARCPD	1608.000000	111.000000	62.000000	37
495	ARCPDL	1564.000000	91.000000	83.000000	38
515	ARCPDR	1562.000000	95.000000	49.000000	39
528	ARCPV	1632.000000	57.000000	68.000000	40
490	ARCPVL	1568.000000	70.000000	87.000000	41
513	ARCPVR	1610.000000	80.000000	42.000000	42
95	ASEL	1331.684997	86.567895	94.689624	43
422	ASER	1335.021689	94.021689	41.891553	44
397	ASGL	1337.000000	101.000000	86.000000	45
20	ASGR	1341.638542	108.839740	48.668997	46
96	ASHL	1357.437446	78.587315	94.205474	47
6	ASHR	1359.144276	87.261771	40.044492	48
67	ASIL	1323.125232	107.792163	77.034684	49
429	ASIR	1329.000000	110.000000	58.000000	50
93	ASJL	1326.169777	64.821393	93.777644	51
418	ASJR	1331.000000	72.000000	40.000000	52
71	ASKL	1363.674086	105.001102	77.438960	53
428	ASKR	1369.000000	107.000000	61.000000	54
91	AUAL	1345.033239	62.844232	92.284814	55
1	AUAR	1350.628807	69.430947	37.873416	56
87	AVAL	1396.734968	79.497762	90.389570	57
3	AVAR	1398.191295	85.094764	39.210890	58
405	AVBL	1316.892361	95.856481	84.964120	59
435	AVBR	1317.000000	98.000000	50.000000	60
394	AVDL	1311.000000	86.000000	93.000000	61
425	AVDR	1312.899061	93.899061	41.798122	62
70	AVEL	1385.225031	75.488178	80.834285	63
437	AVER	1389.000000	80.000000	50.000000	64
310	AVG	1254.000000	51.000000	62.000000	65
555	AVHL	1323.000000	104.000000	87.000000	66
424	AVHR	1330.045067	110.000000	48.594397	67
396	AVJL	1307.000000	99.000000	93.000000	68
436	AVJR	1303.000000	106.000000	45.000000	69
203	AVKL	1281.000000	57.000000	82.000000	70
200	AVKR	1288.000000	59.000000	51.000000	71
557	AVL	1338.000000	68.000000	56.000000	72
404	AWAL	1347.000000	92.000000	81.000000	73
433	AWAR	1352.000000	100.000000	52.000000	74
398	AWBL	1357.954494	96.045506	89.072810	75
423	AWBR	1357.000000	107.000000	44.000000	76
407	AWCL	1368.000000	65.000000	91.000000	77
419	AWCR	1372.000000	75.000000	40.000000	78
556	B	268.000000	75.000000	68.000000	79
543	BAGL	1442.000000	73.000000	88.000000	80
451	BAGR	1451.997755	79.979798	42.984287	81
86	BDUL	1125.753118	85.327626	84.596280	82
4	BDUR	1128.499467	89.506262	40.211964	83
112	CANL	794.000000	86.000000	85.000000	84
7	CANR	817.885134	92.876590	43.604329	85
211	CCLA	818.000000	64.000000	78.000000	86
212	CCLP	780.000000	66.000000	78.000000	87
251	CCRA	1097.000000	62.000000	43.000000	88
252	CCRP	1055.000000	62.000000	45.000000	89
77	CEPDL	1391.960305	106.169895	80.402032	90
30	CEPDR	1397.385625	112.731318	55.919281	91
485	CEPSHDL	1428.000000	100.000000	87.000000	92
468	CEPSHDR	1435.000000	105.000000	47.000000	93
480	CEPSHVL	1436.000000	63.000000	81.000000	94
453	CEPSHVR	1442.927190	64.045506	48.954494	95
499	CEPSODL	1492.000000	92.000000	88.000000	96
518	CEPSODR	1507.000000	98.000000	48.000000	97
544	CEPSOVL	1472.000000	56.000000	78.000000	98
457	CEPSOVR	1477.000000	60.000000	51.000000	99
460	CEPVL	1439.000000	53.000000	69.000000	100
459	CEPVR	1432.948864	48.965909	60.931818	101
100	DA1	1186.000000	48.000000	65.000000	102
254	DA2	1143.000000	48.000000	56.000000	103
38	DA3	1018.129583	52.663659	63.321751	104
39	DA4	903.826505	62.272666	62.581598	105
41	DA5	763.952895	50.908421	63.284211	106
52	DA6	583.812903	56.877419	68.362581	107
48	DA7	457.245842	59.234755	66.250181	108
297	DA8	327.000000	66.000000	71.000000	109
300	DA9	317.000000	66.000000	57.000000	110
306	DB1	1221.920000	52.068571	57.942857	111
37	DB2	1297.131750	38.767869	64.460901	112
99	DB3	1152.000000	49.000000	65.000000	113
98	DB4	972.000000	57.000000	65.000000	114
51	DB5	812.671726	55.085722	66.323496	115
54	DB6	613.742509	56.322461	69.861840	116
46	DB7	484.434769	57.518102	65.958177	117
307	DD1	1229.000000	46.000000	63.000000	118
35	DD2	1058.811509	51.256834	62.299359	119
40	DD3	877.931610	61.190129	64.201410	120
55	DD4	679.301963	59.395536	71.011293	121
47	DD5	514.403064	57.307885	65.502260	122
296	DD6	333.948718	71.163614	65.200244	123
288	DEP	258.302013	99.899329	65.295302	124
167	DL1	1595.000000	99.000000	85.000000	125
178	DL10	1119.000000	121.000000	78.000000	126
179	DL11	1065.000000	122.000000	75.000000	127
180	DL12	1001.000000	121.000000	80.000000	128
181	DL13	939.000000	129.000000	78.000000	129
182	DL14	856.000000	124.000000	78.000000	130
183	DL15	811.000000	119.000000	78.000000	131
184	DL16	712.000000	120.000000	79.000000	132
185	DL17	624.000000	117.000000	79.000000	133
186	DL18	533.000000	113.000000	74.000000	134
187	DL19	467.000000	111.000000	71.000000	135
168	DL2	1574.768953	106.961492	80.269555	136
188	DL20	406.000000	107.000000	71.000000	137
289	DL21	235.000000	102.000000	64.000000	138
169	DL3	1527.000000	109.000000	80.000000	139
170	DL4	1483.293383	105.000000	87.410737	140
172	DL5	1412.000000	117.000000	79.000000	141
171	DL6	1405.000000	108.000000	87.000000	142
173	DL7	1309.000000	124.000000	79.000000	143
176	DL8	1240.000000	126.000000	80.000000	144
177	DL9	1191.000000	123.000000	75.000000	145
222	DR1	1613.000000	103.000000	50.000000	146
230	DR10	1180.000000	121.000000	48.000000	147
231	DR11	1108.000000	125.000000	56.000000	148
232	DR12	1037.000000	120.000000	49.000000	149
233	DR13	978.000000	129.000000	59.000000	150
234	DR14	908.000000	129.000000	50.000000	151
235	DR15	861.000000	129.000000	57.000000	152
236	DR16	763.000000	119.000000	55.000000	153
237	DR17	674.000000	117.000000	56.000000	154
238	DR18	595.000000	117.000000	54.000000	155
239	DR19	501.000000	112.000000	51.000000	156
223	DR2	1578.000000	108.000000	50.000000	157
240	DR20	421.000000	105.000000	51.000000	158
278	DR21	303.000000	106.000000	57.000000	159
224	DR3	1524.000000	114.000000	53.000000	160
227	DR4	1479.000000	111.000000	48.000000	161
225	DR5	1434.000000	122.000000	55.000000	162
226	DR6	1409.000000	114.000000	49.000000	163
175	DR7	1312.000000	124.000000	60.000000	164
228	DR8	1273.000000	131.000000	54.000000	165
229	DR9	1212.000000	130.000000	59.000000	166
287	DVA	275.000000	96.000000	66.000000	167
545	DVC	247.000000	84.000000	67.000000	168
372	E1D	1579.889782	96.041332	65.917336	169
386	E1VL	1614.000000	69.000000	77.000000	170
378	E1VR	1614.036405	75.963595	51.081911	171
369	E2D	1661.000000	98.000000	66.000000	172
389	E2VL	1672.000000	74.000000	76.000000	173
381	E2VR	1669.000000	73.000000	56.000000	174
368	E3D	1536.000000	94.000000	67.000000	175
385	E3VL	1590.000000	69.000000	77.000000	176
377	E3VR	1583.000000	71.000000	51.000000	177
195	EXC	1318.000000	58.000000	73.000000	178
196	EXC/DUCT	1337.000000	62.000000	75.000000	179
78	EXC/GL/L	1258.179167	57.583333	82.271528	180
11	EXC/GL/R	1239.260147	61.958981	45.167314	181
286	F	287.000000	87.000000	66.000000	182
393	FLPL	1290.000000	72.000000	94.000000	183
417	FLPR	1308.000000	72.000000	39.000000	184
311	G1	1373.000000	38.000000	65.000000	185
335	G1AL	1286.000000	98.000000	81.000000	186
34	G1AR	1287.937025	96.452226	56.956569	187
16	G1P	1230.513772	100.577731	50.822829	188
312	G2	1350.000000	41.000000	65.000000	189
57	G2L	1232.175953	72.248680	69.897361	190
33	G2R	1231.625514	72.757202	54.065844	191
63	GLRDL	1399.333733	96.250100	71.933173	192
431	GLRDR	1402.000000	99.000000	60.000000	193
410	GLRL	1396.000000	71.000000	78.000000	194
412	GLRR	1400.983778	73.107764	52.008111	195
411	GLRVL	1399.000000	62.000000	71.000000	196
413	GLRVR	1401.000000	65.000000	59.000000	197
101	H0L	1529.002385	71.023378	93.008588	198
126	H0R	1547.000000	78.172333	36.827667	199
102	H1L	1437.817300	80.268391	93.323363	200
127	H1R	1434.878927	83.000000	36.771648	201
103	H2L	1244.000000	87.000000	93.000000	202
128	H2R	1245.998573	92.998097	36.997146	203
174	HMC	1298.000000	124.000000	71.000000	204
84	HSNL	721.736842	71.381579	80.713816	205
15	HSNR	743.878274	69.311248	44.050847	206
264	HYP101	87.000000	87.000000	66.000000	207
263	HYP102	63.000000	89.000000	66.000000	208
266	HYP11	129.000000	91.000000	65.000000	209
494	HYP1L	1539.000000	92.000000	86.000000	210
554	HYP1R	1542.000000	96.000000	44.000000	211
45	HYP1V	1624.883673	54.771429	62.063265	212
489	HYP2L	1576.000000	81.000000	89.000000	213
533	HYP2V	1648.000000	53.000000	62.000000	214
535	HYP31	1664.000000	109.000000	67.000000	215
536	HYP32	1647.000000	109.000000	68.000000	216
534	HYP4D	1725.000000	110.000000	64.000000	217
525	HYP4V1	1715.000000	66.000000	66.000000	218
526	HYP4V2	1688.000000	61.000000	67.000000	219
166	HYP5L	1641.000000	85.000000	87.000000	220
221	HYP5R	1667.000000	87.000000	47.000000	221
507	HYP6D1	1625.000000	115.000000	67.000000	222
506	HYP6D2	1563.252153	109.100861	69.353014	223
505	HYP6D3	1502.000000	118.000000	69.000000	224
504	HYP6D4	1484.000000	117.000000	69.000000	225
508	HYP6V1	1583.000000	46.000000	67.000000	226
509	HYP6V2	1535.000000	42.000000	67.000000	227
269	HYP71	197.000000	75.000000	65.000000	228
268	HYP72	174.000000	77.000000	65.000000	229
106	HYP7ABLD	1185.000000	88.000000	91.000000	230
107	HYP7ABLV	1159.000000	88.000000	91.000000	231
105	HYP7ABR3	1200.000000	98.000000	91.000000	232
131	HYP7ABRD	1192.000000	103.000000	35.000000	233
130	HYP7ABRV	1176.000000	92.000000	35.000000	234
503	HYP7D1	1442.000000	125.000000	70.000000	235
502	HYP7D2	1345.000000	123.000000	70.000000	236
120	HYP7LC1	1038.000000	98.000000	87.000000	237
121	HYP7LC2	899.000000	106.000000	87.000000	238
122	HYP7LC3	754.000000	92.000000	88.000000	239
123	HYP7LC4	589.000000	94.000000	86.000000	240
124	HYP7LC5	486.000000	97.000000	82.000000	241
125	HYP7LC6	300.022857	101.057143	78.102857	242
146	HYP7RC1	1058.000000	100.000000	39.000000	243
147	HYP7RC2	923.000000	109.000000	39.000000	244
148	HYP7RC3	769.000000	92.000000	40.000000	245
149	HYP7RC4	587.000000	91.000000	42.000000	246
150	HYP7RC5	465.000000	92.000000	42.000000	247
151	HYP7RC6	296.675875	90.675875	47.379374	248
510	HYP7V1	1469.000000	42.000000	64.000000	249
511	HYP7V2	1443.000000	43.000000	64.000000	250
267	HYP8	141.000000	77.000000	65.000000	251
265	HYP9	99.000000	81.000000	64.000000	252
62	I1L	1551.368380	64.830565	75.507524	253
375	I1R	1552.005599	67.996641	54.011198	254
356	I2L	1511.900826	62.878394	82.225502	255
358	I2R	1519.000000	65.000000	49.000000	256
347	I3	1491.000000	98.000000	66.000000	257
44	I4	1294.674685	107.853115	65.628155	258
42	I5	1277.108828	63.600361	65.918266	259
68	I6	1271.743831	108.809416	78.097078	260
477	IL1DL	1458.984109	103.023837	72.920545	261
476	IL1DR	1462.016949	106.016949	62.943503	262
482	IL1L	1473.000000	77.000000	85.000000	263
454	IL1R	1482.000000	82.000000	42.000000	264
462	IL1VL	1465.000000	53.000000	64.710526	265
461	IL1VR	1450.915888	52.989486	63.828271	266
478	IL2DL	1478.000000	105.000000	80.000000	267
27	IL2DR	1484.992036	106.223810	56.542986	268
94	IL2L	1481.675528	80.792208	93.544643	269
449	IL2R	1498.000000	85.000000	40.000000	270
50	IL2VL	1477.674223	46.111305	68.548678	271
464	IL2VR	1465.000000	53.000000	56.000000	272
496	ILSHDL	1524.000000	91.000000	89.000000	273
516	ILSHDR	1531.943503	99.016949	47.016949	274
493	ILSHL	1528.000000	59.000000	88.000000	275
522	ILSHR	1547.000000	71.000000	44.000000	276
530	ILSHVL	1597.327698	53.000000	69.573472	277
531	ILSHVR	1593.000000	53.000000	62.000000	278
541	ILSODL	1612.000000	108.000000	73.000000	279
538	ILSODR	1558.000000	107.000000	62.000000	280
491	ILSOL	1549.000000	67.000000	88.000000	281
520	ILSOR	1579.000000	77.000000	41.000000	282
529	ILSOVL	1612.252153	55.100861	68.353014	283
532	ILSOVR	1607.000000	53.000000	61.000000	284
304	IML	376.000000	72.000000	79.000000	285
303	IMR	382.000000	65.000000	48.000000	286
160	IND2	1085.793290	108.253753	58.869872	287
161	IND3	1015.150464	113.440799	63.572942	288
162	IND4	929.141900	113.555327	67.506730	289
25	IND5	829.487211	108.721078	60.873767	290
163	IND6	648.577962	106.401554	71.869798	291
164	IND7	532.794943	100.691217	60.161665	292
165	IND8	427.780695	94.188790	63.482695	293
43	IND9	360.808779	101.550308	68.380218	294
59	INDL1	1139.106419	103.215238	76.224929	295
13	INDR1	1144.280217	107.811300	51.623277	296
153	INV2	1085.000000	66.000000	67.000000	297
154	INV3	992.000000	72.000000	67.000000	298
155	INV4	887.000000	82.000000	63.000000	299
156	INV5	786.000000	92.000000	71.000000	300
157	INV6	710.000000	87.000000	62.000000	301
31	INV7	593.941233	73.605419	64.456083	302
158	INV8	475.007250	72.907862	59.692772	303
159	INV9	379.000000	69.000000	62.000000	304
56	INVL1	1153.794713	67.266319	74.913120	305
152	INVR1	1146.375581	70.232222	49.298928	306
276	K	297.844888	95.870740	69.155112	307
279	K'	298.000000	92.000000	54.000000	308
274	LUAL	265.000000	95.000000	76.000000	309
24	LUAR	262.557087	88.134252	51.913395	310
140	M	617.000000	97.000000	49.000000	311
332	M1	1278.000000	110.000000	54.000000	312
336	M2L	1288.942857	78.068571	79.080000	313
28	M2R	1288.775991	75.998928	54.177921	314
346	M3L	1469.000000	68.000000	75.000000	315
18	M3R	1464.200604	67.509491	54.548533	316
553	M4	1461.000000	88.000000	66.000000	317
64	M5	1238.819730	109.650883	76.892835	318
365	MC1DL	1528.000000	84.000000	80.000000	319
364	MC1DR	1532.000000	82.000000	54.000000	320
359	MC1V	1528.446505	54.584879	65.308131	321
344	MC2DL	1319.010158	91.979684	74.949210	322
345	MC2DR	1327.983127	92.000000	62.033746	323
343	MC2V	1319.000000	75.000000	69.000000	324
327	MC3DL	1244.000000	100.000000	83.000000	325
326	MC3DR	1250.000000	100.000000	48.000000	326
330	MC3V	1244.000000	68.000000	61.000000	327
551	MCL	1516.000000	67.000000	74.000000	328
357	MCR	1516.943329	70.141677	57.226682	329
348	MI	1501.979419	98.250605	67.995157	330
349	NSML	1495.000000	63.000000	77.000000	331
21	NSMR	1495.474985	66.950990	53.912395	332
484	OLLL	1469.000000	89.000000	82.000000	333
465	OLLR	1472.000000	92.000000	50.000000	334
500	OLLSHL	1500.278649	74.238842	91.000000	335
524	OLLSHR	1530.000000	77.000000	41.000000	336
498	OLLSOL	1505.000000	99.000000	84.000000	337
519	OLLSOR	1486.000000	98.000000	40.000000	338
474	OLQDL	1438.000000	111.000000	77.000000	339
475	OLQDR	1446.000000	111.000000	60.000000	340
497	OLQSHDL	1510.000000	89.000000	92.000000	341
517	OLQSHDR	1514.000000	93.000000	39.000000	342
501	OLQSHVL	1493.000000	68.000000	91.000000	343
523	OLQSHVR	1537.000000	62.000000	44.000000	344
540	OLQSODL	1581.000000	108.000000	73.000000	345
539	OLQSODR	1539.000000	107.000000	63.000000	346
492	OLQSOVL	1546.000000	56.000000	83.000000	347
521	OLQSOVR	1562.000000	71.000000	44.000000	348
72	OLQVL	1450.149689	64.365474	77.798600	349
452	OLQVR	1458.000000	70.000000	49.000000	350
109	P1/2L	1025.000000	71.000000	87.000000	351
133	P1/2R	1027.000000	74.000000	37.000000	352
119	P11/12L	354.000000	80.000000	82.000000	353
145	P11/12R	344.107639	65.964120	48.856481	354
111	P3/4L	920.000000	81.000000	86.000000	355
135	P3/4R	918.000000	82.000000	40.000000	356
113	P5/6L	777.854033	67.072983	86.583867	357
137	P5/6R	805.000000	71.000000	40.000000	358
115	P7/8L	628.000000	71.000000	86.000000	359
139	P7/8R	647.000000	68.000000	47.000000	360
117	P9/10L	488.000000	76.000000	81.000000	361
143	P9/10R	504.000000	70.000000	42.000000	362
273	PHAL	281.000000	80.000000	77.000000	363
282	PHAR	282.000000	70.000000	54.000000	364
272	PHBL	278.928144	89.323353	78.035928	365
281	PHBR	280.000000	82.000000	53.000000	366
275	PHSHL	236.045067	93.639464	68.180268	367
283	PHSHR	237.000000	87.000000	58.000000	368
49	PLML	213.508616	82.004632	69.750787	369
284	PLMR	206.000000	78.000000	58.000000	370
366	PM1DL	1517.140200	91.018598	69.000000	371
367	PM1DR	1516.000000	99.000000	69.000000	372
362	PM1L	1530.000000	71.000000	79.000000	373
363	PM1R	1532.000000	71.784382	54.000000	374
360	PM1VL	1533.000000	58.000000	71.000000	375
361	PM1VR	1533.009101	61.908987	57.027304	376
370	PM2D1	1634.000000	99.000000	66.000000	377
371	PM2D2	1616.000000	99.000000	66.000000	378
388	PM2VL1	1649.000000	70.000000	76.000000	379
387	PM2VL2	1633.000000	71.000000	76.000000	380
380	PM2VR1	1651.000000	73.000000	54.000000	381
379	PM2VR2	1635.000000	72.000000	53.000000	382
373	PM3DL	1588.000000	93.000000	72.000000	383
374	PM3DR	1564.000000	92.000000	61.000000	384
384	PM3L	1564.976163	72.015891	76.920545	385
376	PM3R	1570.000000	78.000000	53.000000	386
383	PM3VL	1600.000000	69.000000	70.000000	387
382	PM3VR	1604.000000	70.000000	54.000000	388
350	PM4DL	1501.983051	91.960452	75.954802	389
351	PM4DR	1503.000000	92.000000	60.000000	390
352	PM4L	1505.141677	76.056671	82.773318	391
353	PM4R	1510.000000	79.000000	51.000000	392
354	PM4VL	1507.000000	54.000000	71.000000	393
355	PM4VR	1510.000000	54.000000	55.000000	394
341	PM5DL	1303.000000	101.000000	75.000000	395
342	PM5DR	1308.000000	101.000000	61.000000	396
339	PM5L	1303.044879	87.104718	79.895282	397
340	PM5R	1302.996644	88.003356	56.004474	398
337	PM5VL	1294.000000	71.849614	72.601542	399
338	PM5VR	1294.000000	74.000000	64.000000	400
331	PM6D	1275.000000	112.000000	67.000000	401
333	PM6VL	1271.000000	79.000000	80.000000	402
334	PM6VR	1272.000000	78.000000	53.000000	403
325	PM7D	1250.000000	119.000000	66.000000	404
329	PM7VL	1245.000000	80.000000	80.000000	405
328	PM7VR	1247.000000	80.000000	50.000000	406
320	PM8	1222.000000	80.000000	64.000000	407
60	PVCL	256.362214	84.245086	77.602487	408
546	PVCR	259.000000	80.000000	56.000000	409
58	PVPL	348.936043	64.092834	71.711230	410
299	PVPR	338.000000	68.000000	57.000000	411
66	PVQL	296.527786	81.729415	78.321501	412
280	PVQR	297.000000	76.000000	54.000000	413
32	PVR	186.799937	92.510551	59.956053	414
298	PVT	360.000000	63.000000	57.000000	415
116	QL	544.000000	90.000000	81.000000	416
141	QR	658.000000	95.000000	49.000000	417
277	REPD	304.089592	100.552042	63.537549	418
547	REPVL	321.000000	83.000000	76.000000	419
301	REPVR	318.000000	79.000000	51.000000	420
73	RIAL	1377.838148	90.417269	78.204202	421
10	RIAR	1381.349150	92.095195	53.869591	422
82	RIBL	1335.174913	75.135082	83.445819	423
14	RIBR	1343.940147	78.459945	48.621547	424
90	RICL	1304.186528	65.703044	92.532060	425
8	RICR	1320.371296	78.650784	43.124927	426
471	RID	1409.000000	121.000000	68.000000	427
316	RIFL	1266.838164	45.919082	67.676329	428
317	RIFR	1270.000000	51.000000	56.000000	429
308	RIGL	1242.000000	51.000000	70.000000	430
305	RIGR	1218.918728	53.027091	67.243816	431
443	RIH	1379.979684	55.989842	67.050790	432
408	RIML	1319.000000	77.000000	86.000000	433
434	RIMR	1333.000000	92.000000	52.000000	434
76	RIPL	1450.552662	83.605323	80.410132	435
466	RIPR	1453.000000	89.000000	50.000000	436
26	RIR	1361.386443	65.139075	57.030144	437
199	RIS	1301.000000	61.000000	49.000000	438
83	RIVL	1305.157643	111.683121	82.997771	439
29	RIVR	1314.494461	110.762925	54.479321	440
75	RMDDL	1392.693685	52.433637	79.529551	441
548	RMDDR	1388.000000	58.000000	50.000000	442
88	RMDL	1399.441759	63.035999	89.323991	443
421	RMDR	1403.000000	70.000000	42.000000	444
92	RMDVL	1416.064311	84.393975	90.805523	445
5	RMDVR	1417.168610	87.523964	39.583981	446
473	RMED	1432.000000	115.000000	65.000000	447
483	RMEL	1438.000000	87.000000	84.000000	448
467	RMER	1440.000000	83.000000	46.000000	449
458	RMEV	1417.000000	46.000000	64.000000	450
89	RMGL	1249.954668	71.509134	88.805311	451
2	RMGR	1266.765016	76.395549	37.851878	452
442	SAADL	1384.161836	58.080918	75.323671	453
444	SAADR	1383.672302	58.000000	57.573472	454
402	SAAVL	1395.000000	92.000000	81.000000	455
430	SAAVR	1399.943329	93.858323	51.773318	456
309	SABD	1247.609848	51.000000	55.609848	457
315	SABVL	1283.000000	46.000000	66.000000	458
314	SABVR	1283.000000	48.255259	58.106592	459
80	SIADL	1345.200000	54.580694	83.134238	460
17	SIADR	1347.219078	59.561387	47.942948	461
74	SIAVL	1331.165333	44.725067	80.037867	462
22	SIAVR	1332.722719	51.449911	51.727639	463
550	SIBDL	1386.000000	62.000000	88.000000	464
420	SIBDR	1386.000000	68.000000	42.000000	465
441	SIBVL	1374.989922	60.002240	82.007839	466
19	SIBVR	1374.491128	64.982257	49.351668	467
65	SMBDL	1347.753577	42.266204	77.904040	468
440	SMBDR	1354.000000	47.000000	53.000000	469
445	SMBVL	1363.082098	56.989738	76.071836	470
446	SMBVR	1363.000000	53.000000	62.000000	471
69	SMDDL	1372.972725	43.130620	79.423183	472
439	SMDDR	1371.000000	53.000000	52.000000	473
400	SMDVL	1386.927190	94.018203	88.063709	474
12	SMDVR	1389.454924	101.631063	46.087702	475
293	SPH	336.000000	80.000000	76.000000	476
270	TL	207.000000	96.000000	67.000000	477
271	TR	215.000000	96.000000	58.000000	478
294	U	313.000000	74.000000	66.000000	479
487	URADL	1461.000000	100.000000	83.000000	480
470	URADR	1471.000000	103.000000	52.000000	481
463	URAVL	1455.000000	53.000000	73.000000	482
558	URAVR	1451.000000	59.000000	54.000000	483
479	URBL	1464.899061	84.899061	90.201878	484
450	URBR	1468.844636	89.896424	41.585697	485
401	URXL	1378.000000	105.000000	74.000000	486
427	URXR	1386.000000	107.000000	61.000000	487
486	URYDL	1447.000000	101.000000	86.000000	488
469	URYDR	1454.000000	105.000000	52.000000	489
79	URYVL	1458.230657	71.121756	85.597381	490
456	URYVR	1469.000000	76.000000	42.000000	491
108	V1L	1100.000000	88.000000	89.000000	492
132	V1R	1099.000000	90.000000	37.000000	493
110	V2L	977.000000	85.000000	88.000000	494
134	V2R	980.000000	86.000000	37.000000	495
552	V3L	847.000000	84.000000	86.000000	496
136	V3R	848.000000	83.000000	40.000000	497
114	V4L	689.000000	80.000000	88.000000	498
138	V4R	690.000000	83.000000	45.000000	499
85	V5L	524.859977	75.355893	80.448075	500
142	V5R	541.000000	77.000000	42.000000	501
118	V6L	430.000000	79.000000	81.000000	502
144	V6R	436.000000	74.000000	43.000000	503
53	VIRL	327.521654	96.099827	69.713945	504
302	VIRR	327.000000	93.000000	55.000000	505
189	VL1	1592.080918	64.838164	85.323671	506
206	VL10	1136.000000	52.000000	80.000000	507
207	VL11	1042.000000	50.000000	72.000000	508
217	VL12	974.000000	65.000000	82.000000	509
208	VL13	917.000000	63.000000	72.000000	510
209	VL14	876.000000	69.000000	77.000000	511
210	VL15	788.000000	58.000000	69.000000	512
218	VL16	694.000000	71.000000	76.000000	513
219	VL17	537.000000	63.000000	74.000000	514
220	VL18	431.000000	59.000000	74.000000	515
291	VL19	244.998881	73.994407	73.003356	516
190	VL2	1574.000000	54.000000	80.000000	517
191	VL3	1517.000000	45.000000	80.000000	518
192	VL4	1476.161836	58.080918	86.323671	519
194	VL5	1428.000000	47.000000	78.000000	520
193	VL6	1410.000000	52.000000	86.000000	521
549	VL7	1271.000000	48.000000	76.000000	522
204	VL8	1227.000000	56.000000	80.000000	523
205	VL9	1193.000000	50.000000	76.000000	524
322	VPI1	1213.000000	112.000000	59.000000	525
323	VPI2DL	1214.000000	100.000000	79.000000	526
324	VPI2DR	1214.000000	99.000000	46.000000	527
319	VPI2V	1215.892361	71.856481	61.964120	528
321	VPI3D	1202.966254	112.000000	64.016873	529
318	VPI3V	1206.949153	78.033898	64.011299	530
241	VR1	1598.983127	68.996625	43.966254	531
250	VR10	1159.000000	53.000000	47.000000	532
253	VR11	1083.000000	51.000000	51.000000	533
255	VR12	1012.000000	59.000000	48.000000	534
256	VR13	962.000000	63.000000	51.000000	535
257	VR14	886.000000	69.000000	49.000000	536
258	VR15	815.000000	61.000000	53.000000	537
259	VR16	720.000000	67.000000	53.000000	538
260	VR17	628.000000	62.000000	58.000000	539
261	VR18	543.000000	61.000000	56.000000	540
262	VR19	434.000000	57.000000	56.000000	541
242	VR2	1573.000000	55.000000	48.000000	542
290	VR20	240.975113	74.000000	62.937783	543
243	VR3	1538.000000	45.000000	53.000000	544
244	VR4	1483.231047	58.961492	43.730445	545
246	VR5	1441.969629	52.979753	50.989876	546
245	VR6	1405.000000	56.000000	46.000000	547
247	VR7	1312.000000	45.000000	51.000000	548
248	VR8	1261.000000	59.000000	46.000000	549
249	VR9	1212.000000	56.000000	48.000000	550
313	W	1312.000000	46.000000	68.000000	551
481	XXXL	1478.057143	69.920000	91.068571	552
455	XXXR	1495.000000	73.000000	42.000000	553
295	YPDA	298.000000	62.000000	69.000000	554
213	Z1	787.000000	65.000000	55.000000	555
214	Z2	763.000000	72.000000	55.000000	556
215	Z3	735.000000	72.000000	69.000000	557
216	Z4	715.000000	67.000000	70.000000	558
